time,x,y,z,phi,theta,psi,x_velocity,y_velocity,z_velocity,phi_velocity,theta_velocity,psi_velocity,rotor_speed1,rotor_speed2,rotor_speed3,rotor_speed4
0.06,-1.02958006536e-08,2.42415850129e-07,10.0039195511,0.0002293008006,1.26212251823e-05,0.0,-1.0190822458e-06,2.1282766836e-05,0.130644939667,0.0105397502696,0.000627814621951,0.0,446.66517700577486,446.7163597852694,445.91366457068114,446.7736103783973
0.12000000000000001,-1.45563595185e-06,9.27796576433e-06,10.0167167384,0.000746794681968,0.000701056093389,0.0,-9.42998447425e-05,0.000344440767004,0.295898907193,0.00449013941177,0.0272570028234,0.0,456.7321362030646,458.85059537313754,456.78321178928854,456.30048926591036
0.18,-3.32399164778e-05,5.11792925145e-05,10.0425670744,0.00149211904537,0.00255481364345,0.0,-0.00118798463003,0.00112108909589,0.565684023205,0.0248362247847,0.037327567122,0.0,487.2292702853889,487.98170100190526,487.5041899193191,489.0217495424798
0.23999999999999996,-0.00016505440223,0.000154547169637,10.0792572866,0.00300991967939,0.00448162325526,0.0,-0.00341846781679,0.00247597877233,0.657273333552,0.0262019170486,0.0188391365079,0.0,434.8178952658696,433.26688450182627,435.04544409386824,435.1598886904783
0.3,-0.000466996845883,0.000370875605249,10.1215931694,0.00435225033905,0.00597015940714,0.0,-0.0067810295063,0.00488408135711,0.753862340093,0.0133336604925,0.034661105102,0.0,435.7197570928301,437.0404129955311,436.7198856219837,435.6454144106906
0.36000000000000004,-0.00102431957291,0.000770405337978,10.1728429662,0.00482844523202,0.00804085143749,0.0,-0.0120380093106,0.00851111723308,0.954316214256,-0.00596009355115,0.0342107651462,0.0,467.99846990396145,467.963855081448,469.36738061125175,467.8677533588242
0.4200000000000001,-0.00193888058242,0.00138978177731,10.2352880595,0.00417159834231,0.0099327621994,0.0,-0.0186691731884,0.0120797035586,1.12703064567,-0.0234798975812,0.0255499998851,0.0,460.7207251997797,460.0358522365486,460.98256952306326,459.59634879364046
0.48000000000000015,-0.00327750442219,0.00219798781194,10.3066073349,0.00250788912789,0.0117280584098,0.0,-0.0261270238053,0.014699875299,1.25015036122,-0.0379750263171,0.0374778415102,0.0,445.0967537105076,446.0720275037898,445.94217216243015,444.7564616672494
0.5400000000000001,-0.00512578505613,0.00312810395483,10.3870727162,6.28313574294,0.0136576969964,0.0,-0.0357215526529,0.0160301527106,1.43181653912,-0.0540812399687,0.018539809624,0.0,464.4331588501259,462.94589245154845,464.2369922501064,462.9706295293433
0.6000000000000002,-0.00763709449366,0.00407306635855,10.4818739223,6.28019534786,0.0144817354965,0.0,-0.0481131803846,0.0150657418981,1.72782236175,-0.0404164373927,0.00178238154582,0.0,496.7148883456521,495.4844555997778,497.7652927704798,498.7629371275275
0.6600000000000003,-0.010792753507,0.00491359977625,10.5864266321,6.27813569813,0.01449053654,0.0,-0.0570803874592,0.0127488751208,1.75722213859,-0.0243130182094,-0.00334398403326,0.0,417.2040369098042,416.75623346784937,416.1653602834301,417.5717750849964
0.7200000000000003,-0.0145448776477,0.00555798769541,10.6968453049,6.27636504758,0.0139446356086,0.0,-0.0679490891071,0.0085548637334,1.92313545771,-0.0427312490708,-0.0242489244161,0.0,461.20267590043585,459.54880878730467,460.99980830864536,459.54196235545265
0.7800000000000004,-0.0188981965772,0.00592393714817,10.814764128,6.27372960128,0.0120106866582,0.0,-0.0769999827405,0.00338552574943,2.0073478742,-0.046422629426,-0.0572950942865,0.0,437.2082481799648,434.44572513598973,435.35342313390277,435.0433294422564
0.8400000000000004,-0.0237821300005,0.00589562691751,10.9407451418,6.27073242146,0.00844161682575,0.0,-0.0853937665301,-0.00465552427047,2.19168558624,-0.0581587808989,-0.0642662545423,0.0,467.34476571846886,466.79880143099103,466.8144902173966,465.8963584959784
0.9000000000000005,-0.0290672393028,0.0053440161359,11.075383541,6.26739983799,0.00505355376792,0.0,-0.090406993741,-0.0140784903491,2.29605551634,-0.0507687131537,-0.0442237771233,0.0,442.4355330476962,444.0802167675596,442.33455006087564,442.9405723369783
0.9600000000000005,-0.0345946920465,0.00413195901655,11.2179485882,6.26413831181,0.00265137064039,0.0,-0.0935612671621,-0.026666197732,2.45577909869,-0.0627275235682,-0.0327589754595,0.0,460.54187404886244,461.4469708212203,460.38857899504865,459.43952998289
1.0200000000000005,-0.0402588781065,0.00209878016784,11.3695869548,6.26058751416,0.000647264570069,0.0,-0.0950294834839,-0.0414954400396,2.59851225183,-0.0528935784727,-0.0347191043114,0.0,455.5000588711428,455.34286931011616,456.17470498269273,456.95688796012706
1.0800000000000005,-0.0459656485248,-0.000809365390819,11.5258793398,6.25724279026,6.281554403,0.0,-0.0950029667679,-0.0557317114745,2.61119794781,-0.0621624305694,-0.0454232464993,0.0,415.48816568724374,414.54781588095454,415.5544802633222,414.7388186802737
1.1400000000000006,-0.0516175394559,-0.00475913481271,11.6876454702,6.25372431438,6.2785971154,0.0,-0.0930770713093,-0.0763225356404,2.78059808582,-0.0523965058538,-0.0584231947411,0.0,465.1563826540197,464.13580349574477,464.60992307773364,465.37269027067936
1.2000000000000006,-0.0570771810132,-0.0100566249755,11.8607552287,6.25125947412,6.27499443571,0.0,-0.0884946250903,-0.100568230321,2.98919325996,-0.0248004654809,-0.0635009769052,0.0,476.9614645412065,476.571218546571,476.6998587111952,478.8029741509543
1.2600000000000007,-0.0622022654,-0.0167604779881,12.0432382933,6.24963080684,6.27090193047,0.0,-0.0819410465176,-0.123043935087,3.09329009205,-0.0323004263186,-0.0798431972494,0.0,448.5821192346542,447.2494957433237,446.0136748279168,445.4005308440501
1.3200000000000007,-0.0668771869668,-0.0247661692424,12.229551496,6.24802035014,6.2661173158,0.0,-0.0734563311792,-0.143969495702,3.11707322819,-0.0176999418273,-0.0795452023109,0.0,421.6094521656239,421.629715852732,420.99936133949063,422.26055905183216
1.3800000000000008,-0.0709025176183,-0.0341589415999,12.4202453495,6.24663617757,6.26081101256,0.0,-0.0602111653407,-0.169236327614,3.23903586871,-0.0368694570832,-0.119525203942,0.0,455.0128289003329,451.79353114175547,453.61897144012664,452.0768751259231
1.4400000000000008,-0.0740460930996,-0.0450457183234,12.6167423335,6.24454578714,6.25316317293,0.0,-0.0438638572775,-0.193858364931,3.31063242714,-0.031062466263,-0.152233480135,0.0,439.43089555865504,436.6950270771078,437.90858713821825,438.3908385589422
1.5000000000000009,-0.0759239551877,-0.0576046588661,12.8214982394,6.24278893852,6.24397725374,0.0,-0.0176769007209,-0.224960509237,3.51391744223,-0.0259369788568,-0.154885362471,0.0,478.8836330698459,478.6615879514112,478.5053829555625,478.8952221941033
1.560000000000001,-0.0759740763679,-0.072107450143,13.039358315,6.24107913381,6.23476393087,0.0,0.0171019379708,-0.258632520757,3.74729196457,-0.034181911366,-0.151023005157,0.0,489.3965778875129,489.6641021244284,488.2389656517475,487.62326339683284
1.620000000000001,-0.074017246085,-0.088414729202,13.2651059427,6.2394671698,6.22574813017,0.0,0.0489493787631,-0.285103115847,3.77747551836,-0.0152296132633,-0.148787531714,0.0,428.05126747560496,428.2192966615485,427.813393765375,429.4239303913328
1.680000000000001,-0.0699871292582,-0.106332775994,13.492575153,6.23883273584,6.21655471093,0.0,0.0862076364206,-0.312229246055,3.80468199325,-0.00259319280156,-0.164015250327,0.0,428.45044933244765,427.1303201141621,427.1595861243793,428.236004545968
1.740000000000001,-0.0631847241551,-0.12612324017,13.7269699705,6.23841345193,6.20693061968,0.0,0.141631932714,-0.347451287753,4.00769879939,-0.0176731698777,-0.154016143208,0.0,481.980792383437,482.7136322338051,482.68099627777144,481.5416514599379
1.8000000000000012,-0.052860919299,-0.148021794096,13.9731367552,6.23802414334,6.19770112567,0.0,0.203505987803,-0.382543676563,4.19708263733,0.00965688289795,-0.153445611551,0.0,480.23592876234005,480.2588001633464,478.34865343393744,480.42555331570003
1.8600000000000012,-0.0388736474192,-0.171891825135,14.2276249232,6.23893275059,6.18868364974,0.0,0.263620706554,-0.41303092029,4.28543446619,0.0243236380331,-0.144636564742,0.0,450.85124069488904,451.5415447907466,450.0439582300273,451.2295388066514
1.9200000000000013,-0.0208557659783,-0.197680002001,14.4899093813,6.24037480962,6.18024343277,0.0,0.337873687311,-0.446381044834,4.45661950292,0.0234493737171,-0.133736279662,0.0,476.7965940623192,477.61171145841547,476.611315188881,476.5445144855425
1.9800000000000013,0.00129271716916,-0.225227305757,14.7575371611,6.24146274246,6.17214464806,0.0,0.401116965609,-0.471747355515,4.46418098008,0.00450927750888,-0.137587411521,0.0,427.7133926890824,427.3676185798289,428.3936571256769,426.7798947962012
2.0400000000000014,0.0273796944952,-0.254280141835,15.0255852913,6.24150891863,6.16378983895,0.0,0.46917607839,-0.496662547939,4.47061722352,-0.00801815715678,-0.142786932721,0.0,427.6589238402034,427.19688438705276,428.08319175075445,427.01573470570946
2.1000000000000014,0.0577849161989,-0.284857691483,15.294694164,6.24154060177,6.15508156911,0.0,0.545103806363,-0.522598735062,4.49942944952,0.0136931571278,-0.150304549551,0.0,436.0780560491984,435.4293422565741,433.5942087744332,435.4146014284291
2.1600000000000015,0.0930287237239,-0.317024922387,15.5664288169,6.2422142103,6.1458723357,0.0,0.630527245916,-0.549557728529,4.55800300654,0.00577115112538,-0.160753506441,0.0,444.6675352521194,443.78827325755213,446.5445677262602,445.89767156619627
2.2200000000000015,0.133912672903,-0.350895377801,15.8440353454,6.24267853735,6.13631501123,0.0,0.733216981173,-0.579386584308,4.69479305992,0.0114092580329,-0.156512815592,0.0,470.8735750424733,471.1790280958455,469.20288296856336,469.6403246772275
2.2800000000000016,0.181697954825,-0.386686838115,16.1333766445,6.24280607559,6.12706464685,0.0,0.860615903495,-0.613542416327,4.94860177577,-0.032535362383,-0.14986635964,0.0,505.69170807082696,506.15098386126704,507.03980361335044,503.8725602846663
2.3400000000000016,0.236526655547,-0.424323333389,16.4326807652,6.24106135776,6.1176351812,0.0,0.967841917193,-0.64116847516,5.02762133171,-0.0229343849021,-0.17859107848,0.0,458.367066613085,456.0547835519696,456.00468122938844,456.77085233922094
2.4000000000000017,0.297727498036,-0.463585079411,16.7351765738,6.23996930961,6.10681197904,0.0,1.07313114765,-0.667654888189,5.05518654215,-0.0101057173311,-0.184237971013,0.0,442.9757325145105,442.47942425842245,440.3222459465635,441.3824546984368
2.4600000000000017,0.365313116815,-0.504420689773,17.0385513096,6.23970880367,6.0955866053,0.0,1.1806743816,-0.693560251475,5.05701725009,0.00522741962381,-0.193497487513,0.0,434.2270238843253,433.41436842175995,434.09748495587075,435.3825209485428
2.520000000000002,0.439716456322,-0.546848738564,17.3428582043,6.24048947155,6.08400206761,0.0,1.30044685787,-0.720640938401,5.08609676688,0.0252406470428,-0.19224631372,0.0,444.1967104426427,444.26295446373206,442.540360750281,444.1848181583594
2.580000000000002,0.521255435895,-0.590828136376,17.6475746085,6.24178217124,6.07210978593,0.0,1.4184938268,-0.74521442379,5.07086238726,0.0128816018278,-0.214063480051,0.0,431.6221799929351,429.7361692367434,430.4071618873045,429.35974714115554
2.640000000000002,0.610021690557,-0.636248879608,17.9510439966,6.24316678875,6.05890326527,0.0,1.54145120211,-0.768712072023,5.04452886811,0.0381466568292,-0.236286775951,0.0,427.4338690998606,425.48439726365103,426.8521366477778,429.0032320417683
2.700000000000002,0.706618365779,-0.683090597635,18.2538700591,6.24509872563,6.04485246255,0.0,1.67962701053,-0.792478989496,5.04920782621,0.0163453822866,-0.230275700463,0.0,437.28440765175185,437.7293283877861,439.6662053922689,437.8563006988182
2.760000000000002,0.812241979241,-0.731403064114,18.5589105221,6.2459993052,6.03112646491,0.0,1.84236319688,-0.817819728565,5.11796906497,0.0121947520867,-0.225912768576,0.0,458.67863688680865,458.9748240766966,460.9146766708588,460.58636728525204
2.820000000000002,0.92648256241,-0.781016602162,18.8625788389,6.24669418474,6.01805153267,0.0,1.9666615124,-0.835924426733,5.00439542305,0.0103253709513,-0.205439520932,0.0,399.46095424178117,401.27075278250413,400.1905208975103,400.02018395689714
2.880000000000002,1.04814123824,-0.831677315533,19.1585856076,6.24727044473,6.0061366196,0.0,2.08952731686,-0.852740971475,4.86271743364,0.00812179240475,-0.187552905789,0.0,389.56514149484747,391.1895040973661,389.0998703499932,388.89336800189994
2.940000000000002,1.17909820415,-0.883561097885,19.4522348417,6.24736415902,5.9946434982,0.0,2.27661812142,-0.87666169686,4.92474789461,-0.0166883881808,-0.201054896349,0.0,459.7057380131527,458.59974102528275,460.2830091060264,458.3150340920304
3.000000000000002,1.31967915549,-0.936663175907,19.7434531805,6.24645642729,5.98243267281,0.0,2.41030205071,-0.893481159869,4.78268532857,-0.0121793846406,-0.208940574458,0.0,391.33207074670327,390.5502061326907,390.7129685522021,391.1332796565443
3.0600000000000023,1.46918121201,-0.990872719555,20.0284721522,6.24574265714,5.96985419137,0.0,2.57403731634,-0.91355433239,4.71765285099,-0.0113356794714,-0.211078472824,0.0,419.633382387072,419.4015734584619,417.61859240972296,417.6923050376659
3.1200000000000023,1.62987269153,-1.04643194241,20.3131270755,6.24484646066,5.95756581066,0.0,2.78329517099,-0.938463448633,4.7698954074,-0.0233387497524,-0.194556142372,0.0,458.08569191884453,459.35782670688593,459.2373273023056,458.2842059203921
3.1800000000000024,1.80243042069,-1.10340004901,20.5981592717,6.24352438085,5.94581070339,0.0,2.96947064092,-0.960570750932,4.73069536943,-0.0195465946917,-0.198787615261,0.0,430.7941158526617,430.39721657254404,429.9973726536281,430.3185234020399
3.2400000000000024,1.98741270592,-1.16183527157,20.8838048986,6.24205241482,5.9337702633,0.0,3.19745367395,-0.987357410525,4.78975732757,-0.0370594218311,-0.20473479465,0.0,463.8821307101592,463.37713063736186,465.44318017271,464.07023425590944
3.3000000000000025,2.18625506252,-1.22190268007,21.1728006876,6.240234661,5.92124647992,0.0,3.43147659966,-1.01503775038,4.84232254065,-0.0193766564165,-0.218218825297,0.0,465.41259646197676,464.3148077820521,463.37541626280074,464.7633316762931
3.3600000000000025,2.39865588848,-1.28357941675,21.4629975866,6.23913553486,5.90823651548,0.0,3.64943103865,-1.04092149036,4.83009025992,-0.0162828996719,-0.214200091538,0.0,445.5472379729132,445.829414600772,445.3581709965412,445.611253480627
3.4200000000000026,2.62499194118,-1.34689771381,21.7540170487,6.23845937982,5.89532443218,0.0,3.89592985246,-1.06971997683,4.86939166964,-0.00276484565023,-0.217279247702,0.0,464.96464028957695,464.6797739270163,463.7355575972405,464.79650851048825
3.4800000000000026,2.8661967569,-1.41193517635,22.0469479388,6.23888582905,5.88281614963,0.0,4.14500605754,-1.09813842292,4.89384588063,0.0218172189018,-0.195013408885,0.0,460.903438771193,462.61866783488983,461.80700164078985,463.7422721200427
3.5400000000000027,3.12020555713,-1.47842122907,22.3357559485,6.24017872725,5.87084930735,0.0,4.32271051347,-1.11799311348,4.73309938594,0.0210050316348,-0.210226799529,0.0,399.2175156006245,397.7822127483125,399.93668396703674,399.86274336647614
3.6000000000000028,3.38617437368,-1.54619537383,22.6175089848,6.24123539684,5.85781380479,0.0,4.54366785741,-1.14104236045,4.65807350768,0.0097724617321,-0.237474724472,0.0,431.25876212777916,428.90098034287394,432.35424115376657,431.40656325254264
3.660000000000003,3.66822278524,-1.61557936556,22.9004680208,6.2415799679,5.84407006356,0.0,4.85866804895,-1.17163767492,4.77197406554,-0.00386720295585,-0.216079967502,0.0,494.1417838401951,495.66992361560756,496.520172889672,495.5182385082699
3.720000000000003,3.96819612071,-1.68668193413,23.1875337524,6.24239422951,5.83105161368,0.0,5.14105913895,-1.1983638442,4.79551368596,0.0355198800491,-0.218821846761,0.0,471.5680260235917,471.3125404790615,467.9937314305305,471.05012386315883
3.780000000000003,4.28380779759,-1.75923963003,23.4728150467,6.2440621754,5.81780928518,0.0,5.38000521744,-1.22006228039,4.71314164822,0.00417032012328,-0.224759052128,0.0,437.5502002825307,437.0063286259311,438.27268042839427,435.6588181758891
3.840000000000003,4.61299597823,-1.83300673895,23.7512332338,6.24424100775,5.80463779085,0.0,5.59363648996,-1.23882392626,4.56710869105,0.000487815641357,-0.210717265806,0.0,414.3566691062858,415.53796042416496,416.07341401320764,415.7507419019575
3.900000000000003,4.95616245881,-1.90797339504,24.0227800115,6.24439441344,5.79163568292,0.0,5.8458030214,-1.26003691847,4.48364729209,0.00640332218244,-0.232653901929,0.0,439.5630002296089,437.6930150693008,440.2227666758256,440.7120574450023
3.960000000000003,5.31543164927,-1.98426626901,24.2907396679,6.245351687,5.77824567838,0.0,6.13035181294,-1.28296464343,4.44710964072,0.0302983884203,-0.208917716224,0.0,458.0237177329946,459.85974800509524,456.66777408931347,458.5702317064473
4.020000000000002,5.69415393165,-2.06206282647,24.5603765261,6.24726924362,5.76518779184,0.0,6.49390429503,-1.30999974013,4.53863457359,0.0350892068796,-0.247265660075,0.0,504.86904634545675,502.05137383750775,504.0869795575747,504.43337111817925
4.080000000000001,6.09371696289,-2.14136452865,24.8332794277,6.24988755089,5.7505555595,0.0,6.8252526294,-1.33312449184,4.55626314033,0.0568036240929,-0.237834583253,0.0,484.2688412995634,484.92373747471424,483.67545385538256,485.3093145021705
4.14,6.5126680526,-2.22196219097,25.10591746,6.25292958751,5.73697463763,0.0,7.14009076347,-1.3531589298,4.5301193597,0.0342673518043,-0.209910869764,0.0,472.252720401046,474.35393209242307,475.18580913341975,473.45598168075026
4.199999999999998,6.94916072397,-2.30364034269,25.3743934255,6.25496355962,5.72429649146,0.0,7.4099864953,-1.3692898762,4.41820614968,0.033153722228,-0.214236313685,0.0,446.6302957777624,446.23344426001313,446.94272775636244,446.8523850173294
4.259999999999997,7.40142489596,-2.38623344349,25.6352052126,6.25734600852,5.71187150868,0.0,7.66582368893,-1.38366325133,4.27484905046,0.0503483037942,-0.195670700314,0.0,436.60769590338225,438.11112101071154,436.0207420630426,437.45614962002463
4.319999999999996,7.8701888963,-2.46969692308,25.8889715702,6.26064619151,5.70089956606,0.0,7.95970518958,-1.39820937583,4.18300689511,0.0629796571856,-0.165083839125,0.0,456.7375747496376,459.1390372462195,457.48751192239394,458.4943703773757
4.379999999999995,8.35615399277,-2.55396643284,26.1363751218,6.26392854441,5.69106860586,0.0,8.23912698468,-1.4105222588,4.06304773423,0.0279287703956,-0.161491168809,0.0,449.74146890885953,450.0072155565472,451.33030968396446,448.49326083846483
4.439999999999993,8.85885398656,-2.6389332878,26.3763960437,6.26582977357,5.68090794998,0.0,8.51749491064,-1.42158062664,3.93692252566,0.0383053552877,-0.193623783662,0.0,450.6146063332596,447.9803793225797,449.126932198519,449.9683649124687
4.499999999999992,9.3766804943,-2.7244968609,26.6064159772,6.26773767918,5.66954449102,0.0,8.74365093127,-1.43042428165,3.7301895034,0.0137716309569,-0.182053370558,0.0,419.45278530972723,420.41947235016494,420.58625768972337,418.4556086664786
4.559999999999991,9.91026953534,-2.81061984617,26.8270234179,6.2688990375,5.65928824168,0.0,9.04246817015,-1.44026299666,3.62238559112,0.0286734184679,-0.154883598526,0.0,457.5150324926257,459.6461416830655,459.1704228503601,460.35142695591344
4.6199999999999894,10.4584404188,-2.89724948266,27.036400447,6.27065743444,5.64983642013,0.0,9.23018698668,-1.44732260095,3.35721076792,0.0305436444278,-0.163424214598,0.0,398.4722950035107,397.6636651428559,397.4640817966759,397.63588278666816
4.679999999999988,11.0210586562,-2.9843399105,27.2341774987,6.27248946197,5.63983506066,0.0,9.52348085372,-1.45556378307,3.23448571666,0.0305140840016,-0.174172212037,0.0,455.7184530508695,454.83226316677604,455.58126734191717,455.5791837694573
4.739999999999987,11.6005637769,-3.07189010561,27.423541172,6.27404087273,5.62949607932,0.0,9.79319064326,-1.46266816288,3.076981645,0.0143725294067,-0.168846163862,0.0,443.7077516761598,444.1163729435939,445.0005166643527,443.67688421472144
4.799999999999986,12.1983056195,-3.15987219542,27.6060437568,6.27604123798,5.61908341145,0.0,10.130946638,-1.46994252282,3.00502573389,0.0564879515792,-0.185136787935,0.0,479.13322383381086,477.8657930182292,477.52325375238144,480.7265318033022
4.859999999999984,12.814529974,-3.24823972334,27.7818210694,6.27952171197,5.60800208343,0.0,10.4096000145,-1.47542410343,2.85339399857,0.0608854112618,-0.183808894681,0.0,452.1135744737068,452.18816166254146,451.2465076690516,451.6037500298177
4.919999999999983,13.4462361274,-3.33688688246,27.9468667988,6.28283522828,5.59702640488,0.0,10.6471866836,-1.47928915314,2.64776842938,0.0404200703314,-0.181224454256,0.0,431.8105567725498,431.9951449282712,432.7271205463334,431.0022846210141
4.979999999999982,14.0923203725,-3.42573176535,28.0996764361,0.00229969422964,5.5860539901,0.0,10.8887962697,-1.48206700113,2.44546903907,0.0507561618233,-0.18638877968,0.0,435.22951668601735,434.76367436179623,433.2104402749267,434.0801785564039
5.0399999999999805,14.7541466969,-3.51470816816,28.2417834448,0.00567126997946,5.57479616663,0.0,11.1716512544,-1.48361421988,2.29052967173,0.0652999041659,-0.190232697018,0.0,455.7364406172745,455.3956924264367,454.21404944157774,455.3813936433902
