time,x,y,z,phi,theta,psi,x_velocity,y_velocity,z_velocity,phi_velocity,theta_velocity,psi_velocity,rotor_speed1,rotor_speed2,rotor_speed3,rotor_speed4,episode,total_reward
2.520000000000002,1.30349577434,-2.14875693799,0.0,5.9946326351,6.10300588386,0.0,-0.374550957187,0.380145060485,-21.9662922142,7.56407382868,-13.2565566413,0.0,586.547143631,398.266909846,470.087537824,486.172898878,1,126.0
2.580000000000002,0.772309557681,1.21477618874,0.0,5.23148889856,4.84830886487,0.0,-0.215761504857,7.60080711185,-22.7094927039,7.30914790195,-13.3734289953,0.0,427.5687208,212.79612181,640.762266825,577.912985922,2,129.0
2.2800000000000016,-3.86053509176,5.28887938244,0.0,4.67807155318,0.566497805236,0.0,-1.09697441144,3.70184792714,-20.2871348658,8.4383304141,-16.0259369582,0.0,454.198089855,202.356424573,691.790882685,746.21405301,3,114.0
3.2400000000000024,22.1521703879,0.516786407237,0.0,6.21636431439,3.60476731217,0.0,17.3187342017,0.330277257973,-15.4760998362,-0.860977388061,-19.9379533655,0.0,691.615061094,211.045526568,899.531808897,887.875844157,4,162.0
3.1800000000000024,-68.251664856,-0.0521223560398,0.0,0.732781885503,1.28064006777,0.0,-24.3310850276,-1.14572162245,-20.2007487574,-12.9997910788,-28.5948147687,0.0,891.477618641,-0.405439780633,899.517630885,737.794977391,5,159.0
2.580000000000002,-6.55917711792,-0.393869801145,0.0,0.824877218209,4.21545372776,0.0,-2.79204726097,-0.465801037342,-19.6509220499,-1.30652476046,-25.9179100847,0.0,809.157040762,69.4630630566,874.937219486,821.945957699,6,129.0
2.3400000000000016,-9.86503509185,-0.286359978887,0.0,0.392278462505,4.94580228395,0.0,-5.55671922798,-0.52108175083,-20.3038513238,-0.678784549918,-26.9281212801,0.0,823.122196887,7.1497360888,896.039961489,881.596631587,7,117.0
2.2800000000000016,-9.64748491837,-0.0433039012858,0.0,5.79963046965,0.112811872307,0.0,-5.83868261363,-0.193058578292,-21.1076152151,-1.28034448069,-28.5654897257,0.0,889.121175341,1.44278103245,899.843403106,886.039246436,8,114.0
2.3400000000000016,-9.86159535124,0.0159027368564,0.0,6.1890479675,4.55736491505,0.0,-5.20242792327,-0.0433544270456,-20.2468586579,-0.229889585974,-28.6718396828,0.0,892.54501196,0.694947985522,899.506396591,896.739149479,9,117.0
2.3400000000000016,-9.90027084861,-0.140931936435,0.0,0.351693910156,4.5539511825,0.0,-5.19120951084,-0.167264341709,-20.0705530193,0.380898777785,-28.6719717308,0.0,893.05326368,0.584420232295,898.950694925,898.560884434,10,117.0
2.3400000000000016,-9.83959725122,-0.294755741676,0.0,0.495393474451,4.55906911755,0.0,-5.1446976065,-0.45687463822,-19.9097790208,0.297942228035,-28.7702911124,0.0,897.638656837,0.132807497808,899.124445039,898.247029169,11,117.0
2.2800000000000016,-9.6254871037,-0.0161950067314,0.0,5.89335053125,0.0112737565373,0.0,-5.87221137751,-0.0816773441958,-20.7616501294,-0.594657202802,-28.8188782433,0.0,899.380420023,-0.294588873037,900.382458663,898.487728801,12,114.0
2.3400000000000016,-9.96172644786,-0.124019066382,0.0,0.381718152575,4.58083192231,0.0,-5.25155773747,-0.175638148018,-20.2390795629,0.325779083916,-28.8075594195,0.0,898.989035984,0.0591169283403,900.301197174,899.438270423,13,117.0
2.2800000000000016,-9.62835856748,-0.0166372473778,0.0,5.98188281367,0.0472794138531,0.0,-5.85376273015,-0.0644427125643,-20.8601564403,-0.195721699956,-28.8238220124,0.0,899.607507929,-0.280629888044,899.883984442,899.174151596,14,114.0
2.3400000000000016,-9.87695086687,-0.104771154254,0.0,0.213225882383,4.56304909167,0.0,-5.21026310502,-0.098173023993,-20.2090717227,0.146993054645,-28.8232745252,0.0,899.726393349,-0.212179421111,900.083400356,899.881093929,15,117.0
2.3400000000000016,-9.82708676235,-0.0500711738944,0.0,5.97620472781,4.50886235763,0.0,-5.1124602055,-0.456631524275,-20.3060525113,-0.0915947418606,-28.8702355678,0.0,901.131179672,-0.035713252275,900.325468827,900.107705533,16,117.0
2.2800000000000016,-9.60948304731,-0.0620348963745,0.0,0.208380377667,0.0155227702478,0.0,-5.84941846631,-0.238595332375,-20.7247327219,0.21122508777,-28.8345174053,0.0,900.008965618,-0.323226284088,899.531000835,899.542258436,17,114.0
2.3400000000000016,-9.87091622364,-0.116773135659,0.0,0.243207291127,4.57082250609,0.0,-5.21574818868,-0.119043757177,-20.2148428974,0.233468314844,-28.8220120159,0.0,899.427162431,0.389767297483,900.101693786,900.508589556,18,117.0
2.3400000000000016,-9.91396571311,0.0048644319336,0.0,6.12248890128,4.55430290081,0.0,-5.22356642635,-0.125490319163,-20.3178108945,-0.125628601499,-28.8424299888,0.0,900.302959969,0.192696352918,900.273934933,900.245797103,19,117.0
2.3400000000000016,-9.88415635423,-0.0282776069353,0.0,0.221863973223,4.59545295555,0.0,-5.25246163505,0.0106047894822,-20.3328770021,0.350475353434,-28.8252552375,0.0,899.850723451,0.225874647494,900.339409108,900.330828646,20,117.0
2.3400000000000016,-9.91361724676,-0.0577987041883,0.0,0.25198196678,4.56061360752,0.0,-5.22404887122,-0.0405690801296,-20.3153717765,0.299085913765,-28.8323637138,0.0,899.871837829,-0.82612605647,899.894309993,899.919909407,21,117.0
2.3400000000000016,-9.85925916917,-0.00968734785588,0.0,0.0541478335949,4.57330595427,0.0,-5.22300335933,0.0103172557314,-20.2704650569,0.0948376946359,-28.8209079133,0.0,899.618038579,-0.502323629748,899.867291364,900.25579354,22,117.0
2.3400000000000016,-9.93438973034,-0.12365871389,0.0,0.268480173605,4.56934528196,0.0,-5.2423198091,-0.133658433115,-20.3080919509,0.271411895249,-28.8406073173,0.0,900.22989525,0.086122157509,899.867199934,900.312369042,23,117.0
2.3400000000000016,-9.90532794671,-0.022583406598,0.0,5.90863863576,4.53079110888,0.0,-5.16617688386,-0.471771475589,-20.3146635739,-0.427927520366,-28.8307173116,0.0,899.765938437,-0.229505338977,900.196776919,899.620352949,24,117.0
2.2800000000000016,-9.65018952467,0.00373405388198,0.0,6.12769937056,0.0590985779653,0.0,-5.85331631245,0.0408172156044,-20.940129172,-0.253447459798,-28.8312922488,0.0,899.892740402,0.106890553871,900.272661513,900.053540819,25,114.0
2.3400000000000016,-9.95591482846,-0.00533318423824,0.0,0.0929655471035,4.55791898259,0.0,-5.25274194874,0.0336380169522,-20.3450835784,0.184135030315,-28.8467702663,0.0,900.365622934,-0.75711672011,900.040421416,899.6546571,26,117.0
2.2800000000000016,-9.55785601572,0.00529657270871,0.0,6.06849591647,0.0220914961195,0.0,-5.82614077413,0.0312478457943,-20.7535643137,-0.271759013528,-28.826104117,0.0,899.810225522,-0.176687680124,899.605431694,899.367033811,27,114.0
2.2800000000000016,-9.62947528709,-0.0565466318395,0.0,5.92905716449,0.00255171890009,0.0,-5.87279970697,-0.179336155902,-20.8562349045,-0.153921740786,-28.8607848439,0.0,900.761618952,-0.213383187099,899.83758907,900.209039492,28,114.0
2.3400000000000016,-9.88507817022,-0.038449373968,0.0,0.269024135473,4.54893632692,0.0,-5.19352294313,0.00202213957564,-20.1926971169,0.398507232726,-28.8226560712,0.0,899.631425678,0.205238689331,900.227107963,900.114809587,29,117.0
2.3400000000000016,-9.73541814324,0.0150632606961,0.0,6.12428850234,4.51601905002,0.0,-5.08592246492,-0.118656189605,-20.1069950378,-0.104352371126,-28.8493298622,0.0,900.370017628,-0.583236022431,899.201063594,899.413923165,30,117.0
2.3400000000000016,-9.95999820861,0.0108181411571,0.0,6.1772968883,4.55574937339,0.0,-5.25114414143,-0.0611331029794,-20.3294039012,-0.0673892318886,-28.8323103069,0.0,899.832723871,-0.109930758483,899.811274927,899.845565451,31,117.0
2.3400000000000016,-9.88743035406,0.00736024201659,0.0,6.25059409233,4.52690167622,0.0,-5.18257186056,-0.0145799500895,-20.2211204939,0.205729300553,-28.8271947173,0.0,899.572746145,0.133039875142,900.267266777,899.925106803,32,117.0
2.3400000000000016,-9.92529902906,0.0178519622913,0.0,0.0359431906782,4.56285689061,0.0,-5.24497791287,0.0384465254185,-20.3169633186,0.110344690641,-28.8384094497,0.0,899.878624266,-0.557196366999,899.278300779,899.315592602,33,117.0
2.3400000000000016,-9.88592687891,-0.00753574771452,0.0,6.25542918815,4.56443129932,0.0,-5.2266081428,-0.0253660900776,-20.2933530437,-0.107228022668,-28.8231338944,0.0,899.610320736,0.128870623654,899.840141639,899.597908607,34,117.0
2.3400000000000016,-9.89516850934,-0.111699367981,0.0,5.90106457331,4.54164161694,0.0,-5.17102035469,-0.703319359276,-20.4169209944,-0.0863130547369,-28.8515029188,0.0,900.597990591,0.337035166896,900.035563614,900.009382126,35,117.0
2.3400000000000016,-9.88156825391,-0.220698139821,0.0,0.425491492177,4.58557129556,0.0,-5.21254551292,-0.338418378348,-20.1389095152,0.288759692114,-28.8420826367,0.0,900.103003035,-0.297986015529,900.02069405,899.811553491,36,117.0
2.3400000000000016,-9.87153273994,0.0125647989184,0.0,6.16053686116,4.56553292288,0.0,-5.2201103697,-0.0749715639611,-20.3165686464,-0.108971571362,-28.8231935816,0.0,899.735949752,0.182721447175,900.111346194,899.700518911,37,117.0
2.3400000000000016,-9.78005290036,-0.145946065248,0.0,5.74659352674,4.55355734694,0.0,-5.09627545038,-1.05425035114,-20.4263992614,-0.329995273934,-28.8205361201,0.0,899.455644411,-0.677285497865,900.002953733,900.029146917,38,117.0
2.3400000000000016,-9.83366113438,0.0098501790735,0.0,6.19473696773,4.55528584218,0.0,-5.1888703482,-0.0523568319478,-20.2704516329,0.0934278494442,-28.8400545504,0.0,900.174803958,-0.0404247097819,899.643044061,899.938554602,39,117.0
2.2800000000000016,-9.65428306521,0.0120958535022,0.0,6.15605592742,0.0391746375674,0.0,-5.86205055894,0.043982779374,-20.8990937996,-0.0362440895624,-28.833668771,0.0,899.892402824,0.288790132461,900.095520125,899.987907073,40,114.0
2.3400000000000016,-9.93060286119,-0.0142033907608,0.0,0.18495852916,4.57517920283,0.0,-5.25466526931,0.0352541213938,-20.3314698123,0.375937782486,-28.8326436175,0.0,899.899049674,0.0674152049189,899.436090588,900.405741101,41,117.0
2.3400000000000016,-9.91681780305,-0.00873774227348,0.0,6.26429822962,4.57605134271,0.0,-5.2561986465,-0.0243934859562,-20.3457499363,-0.114314938116,-28.8594465744,0.0,900.904565584,-0.00800134167562,900.448149583,900.502978787,42,117.0
2.3400000000000016,-9.86696030147,0.00726593829539,0.0,6.11852629853,4.53666698917,0.0,-5.17524435421,-0.135073065227,-20.1829578625,-0.113932416425,-28.8486743357,0.0,900.420633752,0.0801912520041,900.343789438,899.901558285,43,117.0
2.3400000000000016,-9.84930462855,-0.0206876461724,0.0,5.94091425065,4.56445079735,0.0,-5.18454602096,-0.427456942499,-20.3219834666,-0.309085144686,-28.8424850541,0.0,900.294809151,-1.18493342051,899.838957721,900.068449703,44,117.0
2.2800000000000016,-9.6328483851,-0.054293790881,0.0,5.95100302884,0.0276624389623,0.0,-5.86788557356,-0.152170278211,-20.8088588885,-0.147370272635,-28.8321710368,0.0,899.931178766,-0.261092307055,900.267674223,899.890080605,45,114.0
2.2800000000000016,-9.66057652623,-0.0104067686089,0.0,0.137640201912,0.061194047689,0.0,-5.85898095347,-0.099580142667,-20.8766013475,0.238451805728,-28.8422690613,0.0,900.243333557,-0.181281163161,899.642628196,899.822058386,46,114.0
2.3400000000000016,-9.82615625021,0.00257813411322,0.0,6.23128308409,4.53434448015,0.0,-5.16460526813,-0.0321012245355,-20.2068804207,-0.252660814149,-28.8447691681,0.0,900.305008703,-0.502332774541,900.508698084,898.052783791,47,117.0
2.2800000000000016,-8.55911054682,1.16459043372,0.0,4.20810546466,0.0168653742333,0.0,-4.1052934688,0.221698657865,-22.7801398486,-27.8752720368,-28.817417837,0.0,899.417677496,0.441102349142,900.373971254,247.730266965,48,114.0
2.3400000000000016,-9.7111881113,1.1752316685,0.0,0.153699666838,4.54270863935,0.0,-4.40976803017,4.81301098729,-19.2113155729,-28.7993656064,-28.8403571451,0.0,900.095430788,0.123782252269,899.810274915,12.3162527552,49,117.0
2.4600000000000017,-9.93435401067,-0.297101648449,0.0,5.16429571755,1.09353996654,0.0,-4.56242768736,0.214333306064,-20.0360621627,-23.5816749632,-28.8633861308,0.0,900.994962346,-0.530816209801,900.147099327,511.446922006,50,123.0
2.3400000000000016,-9.88403800906,-0.0820001824539,0.0,0.999302675225,4.5768383866,0.0,-5.11095858803,0.121561054809,-20.3499140187,-4.00870568413,-28.8325952449,0.0,899.947247402,-0.848798077023,899.820416434,801.783128179,51,117.0
2.3400000000000016,-9.91812605609,-0.197297555693,0.0,3.95210342815,4.5578354454,0.0,-5.2493539006,-0.00321069130732,-20.2847239274,-15.4061127729,-28.8292264619,0.0,899.782619163,-0.202180078544,899.889432606,578.482838372,52,117.0
2.3400000000000016,-10.1112367382,-0.370688252026,0.0,2.72033850938,4.57210099386,0.0,-5.36349293701,-2.40899537282,-22.3207878338,-28.7692950293,-28.832230444,0.0,899.792732293,0.102024373437,899.43205983,0.992889650432,53,117.0
2.1600000000000015,-9.47864767901,-10.8105596511,0.0,1.68209082539,3.46907238615,0.0,-4.24896567157,-13.5593969207,-22.4852789452,-28.82414053,-28.8396732604,0.0,900.176058362,0.314686468574,899.700922819,1.35694682225,54,108.0
1.8000000000000012,-6.38595532161,0.458137275577,0.0,4.51366627179,1.25665575833,0.0,-3.34020371383,0.217837260452,-26.3899195876,-28.8374268544,-28.849280372,0.0,900.547045655,-0.303242214625,900.180739705,1.17698275768,55,90.0
1.8000000000000012,-5.06224637371,-7.6366248297,0.0,5.36322508173,1.29732619803,0.0,-2.60189414903,-9.65869661785,-24.8984135589,-28.8321951821,-28.84643789,0.0,900.422553675,-0.420527602274,900.15128587,17.6520458468,56,90.0
5.0399999999999805,-17.1220208585,49.8301814783,16.2044056469,2.60435524239,2.07173431532,0.0,-1.98535158293,19.6983975488,-0.363512825443,-28.839761893,-28.8499470648,0.0,900.389619253,0.102617713107,900.269193507,-0.679890579544,57,252.0
5.0399999999999805,-13.4183222357,-3.87892872481,45.6189843585,2.10945073067,2.12975644011,0.0,-1.78765549884,-1.29827512574,9.33838654678,-28.8448074208,-28.8521987595,0.0,900.565696854,-0.565453473536,900.281001789,-0.523585056844,58,252.0
5.0399999999999805,-13.4017271321,-4.02935961016,45.5770170665,2.07453245967,2.08858053318,0.0,-1.80876116972,-1.30665149356,9.35391154726,-28.844984409,-28.8395087627,0.0,900.172164082,1.28724344496,900.275327746,-0.782889596634,59,252.0
5.0399999999999805,-13.4130999384,-4.7242067488,45.5134337146,2.07458437655,2.11272473086,0.0,-1.80154661011,-2.00144201249,9.31299965865,-28.8313364539,-28.8465893034,0.0,900.406611369,0.648733848409,900.057926297,0.37009184698,60,252.0
5.0399999999999805,-13.6368293476,-9.37787467549,45.4201908913,2.04664599679,2.09461775661,0.0,-1.8861777515,-3.31824805584,9.28670822129,-28.8300498412,-28.8382193459,0.0,900.058143452,0.569466533838,899.787879828,-0.409648409249,61,252.0
5.0399999999999805,-13.3713468271,0.640474091415,45.6777679048,2.14707188242,2.0966836213,0.0,-1.76475424284,0.844109035254,9.3106128829,-28.8179416761,-28.8471294697,0.0,900.394795836,0.401903711329,899.38638306,0.402220436342,62,252.0
5.0399999999999805,-13.4047639658,3.73659296022,45.5854790762,2.16946295904,2.10916845112,0.0,-1.74158065154,1.88984908641,9.23017870865,-28.830036757,-28.8433091716,0.0,900.396986476,0.0252929766515,899.88477335,-0.215168779152,63,252.0
5.0399999999999805,-13.3553886621,2.15613165426,45.4808555983,2.14365144652,2.06543637176,0.0,-1.77128439427,1.75857032994,9.23233551612,-28.8269370086,-28.8456030212,0.0,900.62897525,-0.0166704916302,899.766460767,0.135060344276,64,252.0
5.0399999999999805,-13.3568789642,-1.8038769916,45.4602000346,2.1095854027,2.13239651341,0.0,-1.76018728707,-0.987133675752,9.29947948945,-28.8395313592,-28.8547552614,0.0,900.688219047,0.138802024311,900.107605371,0.224000654148,65,252.0
5.0399999999999805,-13.9376049909,-17.4842040951,44.9379905824,2.06201205684,2.18190998255,0.0,-1.95590362213,-6.62660867329,8.95061701873,-28.840021329,-28.8473171413,0.0,900.347019142,0.315406321144,900.21363698,0.354204932002,66,252.0
5.0399999999999805,-13.6003250376,-5.04692371476,45.7930944439,2.07078025363,2.13652289479,0.0,-1.81596136299,-2.20959700648,9.32700656876,-28.8342922114,-28.831378799,0.0,899.899525872,0.51286838984,899.975968238,0.570834710206,67,252.0
5.0399999999999805,-13.4663583472,-7.55675038619,45.4472620304,2.06372478845,2.07623460896,0.0,-1.85662183486,-2.37318549807,9.33741087421,-28.830356173,-28.8225055602,0.0,899.504386726,-0.0412886738639,899.816261502,-0.388141332069,68,252.0
5.0399999999999805,-13.2595673199,1.29385992009,45.4255153213,2.10791087189,2.09569089256,0.0,-1.7442616721,0.550885126917,9.27680746566,-28.827600227,-28.8260404582,0.0,899.624821287,-0.00371940949855,899.754178788,0.291442745645,69,252.0
5.0399999999999805,-13.7619321208,-8.5859751806,45.7026297848,2.09968818198,2.14698169159,0.0,-1.87564121095,-2.99770952374,9.32797220078,-28.8530201056,-28.8341012717,0.0,899.792233086,-0.31322094631,900.578567426,0.342243771469,70,252.0
5.0399999999999805,-13.4838190581,-2.48970910045,45.6324386184,2.10414682826,2.08989552352,0.0,-1.81343245614,-0.421559163884,9.35425108697,-28.8358982296,-28.8287642467,0.0,899.765537404,-0.0859031822573,900.041178723,0.511756778637,71,252.0
5.0399999999999805,-13.5937180017,-5.15176533679,45.7521876887,2.08676801511,2.11665551118,0.0,-1.83323512834,-1.79915087582,9.35781786532,-28.8423095365,-28.8249914971,0.0,899.755688737,-0.754048589591,900.318960033,0.142408048792,72,252.0
5.0399999999999805,-13.3521649582,-2.48190210008,45.5507872296,2.09194737763,2.11840486924,0.0,-1.77428906719,-1.23827009394,9.32288069278,-28.8551435082,-28.8284198986,0.0,899.784774477,-0.260110026679,900.667748636,0.393916409612,73,252.0
5.0399999999999805,-13.4133038509,-2.02332071884,45.5975848638,2.12065407004,2.1003510887,0.0,-1.79320130312,-0.254294867595,9.34209231567,-28.8468795962,-28.8273882828,0.0,899.874197672,0.164057135928,900.493675746,0.0419521285973,74,252.0
5.0399999999999805,-13.3194060469,3.29732094574,45.3676533668,2.13107648621,2.10558869808,0.0,-1.73265182555,1.26133729935,9.23474604894,-28.8316898601,-28.821684264,0.0,899.583373021,-0.0202327755065,899.835106596,0.310359761432,75,252.0
5.0399999999999805,-12.4178736912,-2.88700672601,26.4677968017,2.0754088166,1.09885818517,0.0,-12.1327672129,-0.356070517519,-12.0578531036,-28.8523265941,-2.20559656052,0.0,900.208749327,900.113160401,900.546320058,-0.0917830170285,76,252.0
2.3400000000000016,-2.06849457841,9.25175107903,0.0,4.9805378301,0.615447820366,0.0,-2.7766992706,4.80845010748,-18.8011955338,-26.8610285174,1.92195712237,0.0,825.703087511,899.797751057,808.138095072,7.04048359554,77,117.0
2.4000000000000017,3.2575746285,9.2656969477,0.0,5.60056807048,4.28501176329,0.0,4.04368064959,3.17568308215,-18.8586540211,-17.9519454539,24.3156746568,0.0,69.5089942235,899.656685127,535.82968569,5.20226264401,78,120.0
2.3400000000000016,1.09711181831,9.57157949658,0.0,1.0005996776,0.00428919246882,0.0,-0.429735328831,5.10666865083,-19.519823123,-14.7645173081,15.5800659111,0.0,172.307479476,899.963813831,387.523228979,6.08816932185,79,117.0
2.4600000000000017,6.70889630606,8.21175041343,0.0,3.7018541981,5.5050390584,0.0,5.66754712431,3.77573454922,-17.8189833987,-13.4323993986,25.81045309,0.0,80.2900010095,899.632134482,535.09418821,8.46992290232,80,123.0
2.2800000000000016,-0.942075520975,15.7106892377,0.0,3.82884428176,1.67910458683,0.0,-1.75515430765,6.74375097785,-18.8079164283,-2.44954472157,27.1592844483,0.0,12.4591432525,900.067438834,7.24251953989,2.67007780008,81,114.0
2.3400000000000016,2.65345135994,-16.3381025874,0.0,2.8354729881,6.16901946113,0.0,3.82505482625,-10.0543509721,-21.6044983926,-28.8395024582,0.0838404385467,0.0,899.640803275,900.473456915,900.367526444,0.749642462765,82,117.0
1.680000000000001,-0.383090682553,-9.01334842105,0.0,2.73233924682,0.0235623472744,0.0,-0.796441534046,-6.53376475328,-22.8793465363,-28.7972430239,-0.107890726297,0.0,900.637142655,899.825666086,898.519185135,0.233755214126,83,84.0
5.0399999999999805,9.08729260501,0.00261805252424,91.9304282643,0.000112454838767,5.60119669747,0.0,8.82757342142,0.00196426158992,15.5004891259,3.61712059308e-05,-0.247868922053,0.0,900.05686111,900.477303486,0.215661653534,0.468920495538,84,252.0
5.0399999999999805,5.5600077771,0.00384260858907,92.9669888806,8.51296457771e-06,0.831510883676,0.0,-5.93693085373,0.00149235385475,17.0149783686,-6.31006248899e-06,0.472821585583,0.0,900.42922777,899.65660583,-0.515276395487,-0.146681345515,85,252.0
5.0399999999999805,-32.7000590124,0.00265494870546,70.9902623176,0.000132437292414,5.80200381518,0.0,-4.74927167815,0.000883973344391,-3.47068193729,3.12631898731e-05,3.04450113593,0.0,899.406657502,900.09976839,0.220383201634,-0.571463345568,86,252.0
5.0399999999999805,-0.431749049438,0.868206579531,80.4266972996,0.3636132459,6.27305520427,0.0,-2.22276585037,-4.79673545163,6.44696943678,3.0699298133,-0.242013712498,0.0,900.500260862,899.851542158,-0.638377941678,-1.08512014157,87,252.0
2.820000000000002,-11.3894504412,1.09291980744e-05,0.0,6.2829560596,5.61840498539,0.0,-4.85118778479,-5.91767385783e-05,-21.3610232633,-0.00311865918851,28.836979112,0.0,0.352444757315,900.036891875,9.77615184107,0.320797672028,88,141.0
2.1600000000000015,3.72495545417,-0.118271509057,0.0,3.26780568775,2.54139866584,0.0,1.19606301234,-1.3940993215,-20.2412427836,-16.174141127,28.8416276424,0.0,3.9153527792,900.218271781,776.332156214,196.300392827,89,108.0
2.1000000000000014,-1.00815634967,1.14037711199,0.0,2.05412297057,0.0711969264806,0.0,-0.0341506104259,0.559159065019,-19.4759430161,8.52044404786,28.8470213373,0.0,-0.0512461424077,900.229713832,22.5572908155,367.374641501,90,105.0
2.2800000000000016,-0.267966240345,2.24231723354,0.0,2.99382614558,4.47729596412,0.0,-2.12435169608,0.0208992328166,-20.6429343599,13.9010936141,28.5629137204,0.0,1.70504305712,900.210305509,83.1607393185,381.360664821,91,114.0
2.2800000000000016,-4.90066841652,2.62348421885,0.0,2.56039908535,2.64086288994,0.0,-7.27420799183,0.908485859207,-19.6997126818,20.2896694091,26.9084603653,0.0,-0.206415749195,900.46551021,13.6860901631,514.72478047,92,114.0
2.2800000000000016,-1.87638033006,2.65150596759,0.0,5.67803030828,1.18101266583,0.0,-1.91610313775,1.34754434552,-20.1018517001,28.1671762675,22.598504952,0.0,12.4241207617,899.643606257,0.360816119134,869.503430609,93,114.0
2.2800000000000016,-4.0824791094,2.48050592646,0.0,5.66095823922,3.52297909999,0.0,-6.26334681218,0.34130408583,-19.4776027239,27.7343815323,24.178719035,0.0,3.51879109999,900.704922625,1.37702052218,851.000148121,94,114.0
2.2800000000000016,-6.18413501629,2.37844295535,0.0,5.75898430931,4.48396891485,0.0,-8.9732997347,-0.376079837341,-19.6657538008,27.4548934377,21.987402004,0.0,20.4885437386,900.340156583,8.73600471292,833.853688608,95,114.0
2.2800000000000016,2.49237238841,2.56280841262,0.0,5.79332060545,2.34458580741,0.0,3.98800271896,0.218424804726,-21.108731898,27.1440604437,25.6451239447,0.0,82.5511388068,899.790962032,16.0707512562,841.353128594,96,114.0
2.2800000000000016,1.0502119508,2.55968265169,0.0,5.67873011505,3.00940016408,0.0,2.46019839416,0.0753753481458,-20.8629949166,28.0460343365,22.7286219154,0.0,129.252063457,899.799349599,5.90250314131,868.13447533,97,114.0
2.2800000000000016,-1.4360810508,2.46653720456,0.0,5.59349576254,1.08000855402,0.0,-2.46068678119,0.160414597607,-20.5114818821,28.4984888198,17.3431725162,0.0,213.19188696,900.167322041,2.17095840293,884.379056703,98,114.0
2.2800000000000016,5.69515534,3.05455443277,0.0,5.87086788021,1.19432252005,0.0,5.15285994886,2.11842334963,-20.3387697647,24.3521775697,27.5999625394,0.0,57.6967159399,899.393364299,201.635226948,770.853559002,99,114.0
2.3400000000000016,4.81156604876,2.79945343532,0.0,1.81554942583,2.29684664442,0.0,2.07836188017,1.20392306098,-18.5585658512,25.6608772085,28.4916299649,0.0,58.6657498424,900.724556741,150.842099331,822.517490209,100,117.0
2.2800000000000016,9.61074313379,2.44163219466,0.0,0.795614143794,1.00465574304,0.0,3.08183365547,0.642854750123,-18.1510767496,13.7213852341,28.8346104361,0.0,12.5900740681,900.387040458,635.423740938,781.866777132,101,114.0
5.0399999999999805,-10.7984294991,-71.7930407642,1.17111861615,3.57086266233,1.99163168216,0.0,-0.965383572231,-23.8809442102,-5.17016082863,28.8450982971,-28.8479085313,0.0,900.348818999,-0.0542625316592,0.256379044965,900.453992632,102,252.0
2.2200000000000015,25.5037661875,-3.70430633686,0.0,2.79353240641,5.72522163016,0.0,13.9153580985,-2.93624148721,-18.4681431622,4.2103738002,28.7553325663,0.0,59.2833762768,899.630054813,900.388140637,899.63889529,103,111.0
2.1000000000000014,-20.9994220873,0.0481340435482,0.0,1.01846390789,3.63834582369,0.0,-19.7984523582,-0.658516418817,-20.4681366842,24.640027499,23.2085951347,0.0,4.79089714523,899.517565643,40.4803457156,731.796165851,104,105.0
2.2800000000000016,2.46316539245,1.89993330558,0.0,5.6320952251,3.15425395998,0.0,-0.577909069342,-0.809425918726,-22.3050419661,28.4303984941,24.9069124715,0.0,427.06846811,899.446637421,5.73928937628,891.384761927,105,114.0
2.1000000000000014,-10.8570736866,1.05496978339,0.0,0.453165874221,5.22024673952,0.0,11.0551899338,2.20576457129,-20.4859816346,27.5744091989,21.6771472383,0.0,103.088190381,900.316899539,11.0646886223,857.113053118,106,105.0
2.2800000000000016,12.6073955354,3.44090321445,0.0,1.60035763187,3.37347714778,0.0,7.7135446607,1.9440974176,-18.0775349903,8.3695405297,28.8244166112,0.0,-0.364472923822,899.783876905,899.347649806,900.232494626,107,114.0
3.1800000000000024,-19.4060559128,-2.12357527159,0.0,6.16769272364,5.05795050267,0.0,-8.18023663982,1.63797233681,-15.6630124216,26.4418294998,13.0041929613,0.0,832.346478317,899.969984633,131.689411844,830.844569968,108,159.0
2.0400000000000014,10.112495054,1.31725394266,0.0,5.1764931442,2.56902488557,0.0,5.7841650193,-1.38379499792,-20.1260509404,6.92475190407,28.8308139113,0.0,-0.0458076912821,899.831112061,900.111866411,899.134285299,109,102.0
2.1600000000000015,-5.27154796134,2.60763398874,0.0,2.18305274313,1.0288520489,0.0,-1.93004551903,2.46174599161,-17.5733186702,28.8288939762,6.04996400194,0.0,899.91124679,899.820499099,-0.750250972362,899.85188622,110,108.0
2.1000000000000014,0.25094038873,0.376199057856,0.0,0.506942987689,1.18604614031,0.0,1.07716874021,-2.46950343503,-19.0432896043,28.7218582044,11.3154989962,0.0,893.41385034,899.988330213,-0.391304102682,895.013166832,111,105.0
2.1000000000000014,-0.332039950946,0.748386608833,0.0,0.450545996621,6.15041872721,0.0,0.444696324053,0.201342553691,-20.7107629072,28.7957923108,13.4462969878,0.0,899.712282578,900.616820854,-0.173655670843,899.694172282,112,105.0
2.1600000000000015,-0.123929491413,0.0262830718378,0.0,2.1962677931,4.31733395494,0.0,-0.756787019612,-4.18833100997,-19.9084877409,28.7393363846,10.9527718188,0.0,896.904877289,899.905142431,0.562514147093,896.024966294,113,108.0
2.1600000000000015,-0.000382082278711,0.543960970735,0.0,2.12575644533,4.04700878504,0.0,-0.448866412001,-2.14066457983,-20.0670118127,28.7140306613,11.7458429378,0.0,896.960631674,899.963296255,0.402737711074,895.50104287,114,108.0
2.1600000000000015,-0.143773331994,0.916816754367,0.0,2.23153120147,0.341476984098,0.0,0.980539983005,1.40333340332,-19.4560137809,28.8047055957,12.7702815122,0.0,898.085273772,900.325368733,0.579069662543,899.009581802,115,108.0
2.1000000000000014,-0.305341542563,0.652557385271,0.0,0.456295762274,2.80328748952,0.0,-1.63020878374,-1.01896660865,-20.6814125579,28.8110059076,14.2187538012,0.0,892.372802728,900.342921799,-0.221074726764,899.427635553,116,105.0
2.1600000000000015,0.147529163062,0.854856473071,0.0,2.2177766675,3.466067271,0.0,-0.158436009289,-0.136666685414,-18.6859577404,28.8116039008,12.4703417868,0.0,895.734010219,899.8094793,-0.280509014085,899.382443374,117,108.0
2.1600000000000015,0.150442785138,0.716181845281,0.0,2.15369644318,1.40980932557,0.0,-5.86254595943,-0.760641806702,-19.3834353611,28.8237313865,-7.41566907202,0.0,898.041163141,900.93595495,0.242847822657,899.506715763,118,108.0
5.0399999999999805,-11.9328858603,-63.4391562828,11.9658345379,3.55052697626,2.08511243727,0.0,-1.1106076616,-22.3103065057,-2.39330604058,28.841108815,-28.838106822,0.0,900.038068157,0.0636578924707,0.13777168788,900.17223414,119,252.0
5.0399999999999805,-11.9020139257,-63.5422407716,11.797378858,3.56329678331,2.07185191803,0.0,-1.1137256572,-22.3651340856,-2.47347971309,28.8434940011,-28.8406988119,0.0,900.145787662,-0.209071997486,0.0356880727266,900.386013034,120,252.0
5.0399999999999805,-10.8030016138,-61.7643092818,6.40590637075,3.55433080534,2.13777225269,0.0,0.574972582957,-19.6962949918,-12.6099415496,28.8438579522,-3.32302455351,0.0,-0.132269461947,-0.0424992222919,0.437003322233,900.238673043,121,252.0
5.0399999999999805,-12.1413639189,-60.276451014,15.1786038916,3.55633560158,2.14681629435,0.0,-1.13742950683,-21.4188872209,-1.22913478368,28.8455274199,-28.8315945126,0.0,899.944097325,0.215718749868,0.00715010504846,900.248016784,122,252.0
2.3400000000000016,1.92133771623,3.84161179746,0.0,1.01151355442,0.116028530793,0.0,-6.85151793284,4.03399210501,-18.2726658141,15.7216196933,-2.64143549174,0.0,898.553015955,899.725691855,773.258570827,899.934023284,123,117.0
2.3400000000000016,-11.9967953327,0.360325896338,0.0,2.9051561344,4.35189652228,0.0,3.09181808445,-0.354190721398,-21.2112555621,23.789302114,-2.32037349943,0.0,899.622293517,900.328931013,632.447936219,900.091146781,124,117.0
5.0399999999999805,-12.3070261649,-64.1083512339,10.6318128431,3.53978606277,5.53698191864,0.0,-2.49216266962,-21.5643357117,-6.2050606679,28.8387316871,-7.04706817107,0.0,0.271121226627,0.0713167302541,-0.488077062518,900.051882211,125,252.0
2.1600000000000015,-9.53898102801,-0.0889955125175,0.0,6.09488670777,5.6175651887,0.0,-1.5247411524,-0.490283319459,-21.0281608339,-0.347026911675,-10.7266920055,0.0,900.023433187,900.312787951,899.623207383,899.68694261,126,108.0
3.000000000000002,-10.0744708968,-0.0414390929339,0.0,0.0235022540769,6.17661858538,0.0,0.922114395715,0.0205264125438,-18.6453308741,-0.143710375334,-11.9656207663,0.0,899.89449245,899.673688394,899.988571285,888.581585145,127,150.0
2.0400000000000014,12.6746963498,-0.885713368103,0.0,6.10678925589,1.14138617851,0.0,-0.838737266125,-0.869186100535,-37.6117771776,-0.492091669745,-1.70263609103,0.0,0.479316215399,0.062616727446,900.009816217,900.631135857,128,102.0
5.0399999999999805,0.000389151000747,-27.6630298856,85.6684899377,5.49382856833,6.28311412988,0.0,0.000519153871399,-16.282833535,10.3581923464,-0.392478300947,-4.13799555853e-05,0.0,-0.342411137884,0.17325792549,901.224665962,899.838292711,129,252.0
5.0399999999999805,-0.00167649193786,10.9978171463,91.5297976011,0.568771484927,6.39386733194e-05,0.0,-0.00119174876618,9.24294735768,15.1892715037,0.0605781071838,1.56890605267e-05,0.0,-0.453961599973,0.239877113871,900.583757667,899.668070917,130,252.0
2.0400000000000014,-0.23518740048,0.695278770986,0.0,0.359642978162,0.287175565881,0.0,-3.85553202608,1.9138012575,-14.7060895468,0.104447190182,13.6855007803,0.0,763.725465679,900.145670593,899.804075846,898.062022693,131,102.0
2.640000000000002,-7.32605990628,-0.0721041169032,0.0,6.11965935163,0.746499456591,0.0,-12.3039383162,-0.59196419243,-18.179334599,-0.605416789947,-8.35799177055,0.0,899.227607512,900.656579164,900.443259495,880.341996434,132,132.0
2.0400000000000014,-1.35457021535,0.0439733465435,0.0,6.19860545475,2.86691900788,0.0,-5.81201982965,0.250691337396,-23.5462011023,-0.0674703603238,-9.86764191827,0.0,892.63470183,899.756986386,900.163192856,899.96671801,133,102.0
2.4000000000000017,-10.4305585608,0.0330239078655,0.0,0.151787978681,1.28043090356,0.0,-12.7947460946,-0.215814444766,-20.7167942885,-0.220505619776,-7.88480075174,0.0,899.565035686,900.047196134,899.854209117,883.361459593,134,120.0
2.2800000000000016,-10.1829491952,-0.769799435882,0.0,0.439436960765,1.45924031208,0.0,-11.2622662771,-3.83697049651,-27.7589742917,0.225855515845,-6.84961070301,0.0,900.805300385,899.728540857,900.077265161,897.774451684,135,114.0
2.1000000000000014,1.88737471846,0.663099232595,0.0,6.12724052305,1.94446295614,0.0,5.55091100012,2.39540557533,-36.733201719,-0.372499547132,-2.98288493476,0.0,835.137465902,900.05081211,900.19863192,890.652391956,136,105.0
2.4000000000000017,-27.9137714172,5.33518183011,0.0,1.37607757186,6.1206206303,0.0,-44.9604328285,14.2462846461,-18.7574466672,1.90630423272,-1.94381903611,0.0,900.34112772,899.331564583,900.048184131,899.145459282,137,120.0
4.739999999999987,51.7244337731,50.9785579745,0.0,1.45310904588,6.06596209377,0.0,17.6123084245,14.8296963015,-24.705651508,1.8162798185,-2.37630622684,0.0,-0.289033794379,0.267031764031,900.395460267,899.829580592,138,237.0
2.2800000000000016,-7.61213919584,2.61210221053,0.0,5.22837196641,0.32375703229,0.0,-11.6276742022,0.635764320617,-21.1790055455,21.3150726683,0.112403464788,0.0,900.520458717,900.286567997,785.751779455,900.37120079,139,114.0
2.3400000000000016,-11.5705539432,2.59595566509,0.0,4.26604613743,0.648356775147,0.0,-18.3574405285,1.30696421534,-19.5126855551,21.3463811169,0.483699174196,0.0,899.746518111,899.552911813,709.292068643,900.533956438,140,117.0
2.2800000000000016,-4.37649199597,2.83663971183,0.0,2.69212667226,0.377601263927,0.0,-8.94962455904,3.57815980721,-19.6170720614,21.7569681401,0.41561497599,0.0,899.349443852,900.720859992,575.227510558,900.289319708,141,114.0
2.2800000000000016,3.84229809757,1.56220210501,0.0,4.07026528343,0.174703549686,0.0,5.86708425538,-3.03136578052,-20.8904145481,6.8687600122,8.11874174619,0.0,58.2574560744,896.050533805,899.523618748,899.673180252,142,114.0
2.2800000000000016,0.887572484354,1.16528270206,0.0,5.68917093219,5.85638066351,0.0,-0.640395916331,-2.13207015445,-20.7295654541,7.98014149039,19.0012790373,0.0,70.1148537922,900.595494866,896.016209564,899.631643943,143,114.0
2.2800000000000016,-3.51591022627,1.97261953611,0.0,2.56189999516,0.629975852922,0.0,-10.1665277135,0.560263540986,-21.3846839428,12.2106156828,1.44314042697,0.0,857.319188905,900.05079695,888.973605098,891.940931725,144,114.0
2.2800000000000016,-5.2380919958,2.71788076577,0.0,6.22455349339,0.297629330154,0.0,-8.73800532079,1.17770649659,-21.6952821628,19.397196,0.22719872094,0.0,898.148731883,899.785299953,848.910174863,892.88117115,145,114.0
2.2800000000000016,-6.56225916257,2.38305469714,0.0,0.330390834921,0.164358626971,0.0,-8.78136001162,-1.72645013016,-19.365001818,17.3299652747,-0.0250692132607,0.0,899.553545226,899.501903909,788.502769664,898.309475467,146,114.0
2.2800000000000016,6.37890401718,3.23407317273,0.0,1.97738337116,4.96354469052,0.0,8.25178641819,0.798524984964,-18.7753621962,6.2656710694,15.8965595454,0.0,0.724122953716,768.325239019,899.17804403,900.081814853,147,114.0
2.2200000000000015,4.5505153074,0.646370715612,0.0,5.5408443247,4.51960755364,0.0,6.88228567998,-3.93547911208,-22.5117193647,6.70747804726,23.1957486345,0.0,2.31441772004,897.702217448,900.477775545,899.12429152,148,111.0
2.2200000000000015,4.68720163991,4.25417558408,0.0,0.723943672666,4.64228102395,0.0,7.06213067845,4.00643743144,-24.4813285795,5.23197580137,22.8995700444,0.0,-0.0707798223569,555.845754313,900.088141687,899.941443279,149,111.0
2.4600000000000017,-10.1045304094,0.882590129851,0.0,2.80704781381,0.230217472546,0.0,-14.7644047732,2.30198992202,-18.0740843415,7.3455032393,0.0739932508059,0.0,895.66374172,899.834657518,897.429918565,889.29282752,150,123.0
5.0399999999999805,-2.83240739467,29.4499234767,153.988516552,0.880913216886,0.619093058407,0.0,-6.74190941126,9.45610962158,28.0789602415,-0.200583217959,-28.8117238606,0.0,899.912089907,-0.146528437936,900.796214928,899.286457951,151,252.0
4.559999999999991,13.3281219356,-4.46031652449,0.0,0.417673688933,5.20223111276,0.0,-3.6261367249,-5.49042292692,-37.7329061906,0.153021464772,-1.99394322538,0.0,-0.0110998127996,0.434621712212,900.154594658,900.232610084,152,228.0
5.0399999999999805,-0.0101206714856,0.38111043854,92.9342275899,5.95690271744,0.000300633261007,0.0,-0.00674871336859,-0.388475438685,17.4268125413,-0.394298310721,5.39014473023e-05,0.0,-0.52506423156,-0.535095063047,899.768928666,900.087879878,153,252.0
5.0399999999999805,-0.00603989795857,9.72425012179,92.5571424199,6.00693014481,0.000329971664418,0.0,-0.00543761500576,1.26085813032,17.6537691024,-0.187721258909,0.000124916342277,0.0,0.464715385525,-0.23097665027,900.065717614,900.198268798,154,252.0
5.0399999999999805,0.00574152795999,30.9780283793,84.1753965928,0.797982381276,6.28301241326,0.0,0.00344770748439,17.1082848309,9.45030582195,0.111394252865,-3.52813083611e-05,0.0,0.527000433229,0.46889695217,900.078530541,900.237169441,155,252.0
5.0399999999999805,-0.000249555252988,40.0762950287,76.8832835565,1.51654338253,6.43522067625e-05,0.0,-0.000329422671055,20.7694003065,2.14444233504,0.319396157523,3.63522295538e-05,0.0,0.0246518809155,0.499726391927,900.208343077,899.579896626,156,252.0
5.0399999999999805,0.00106819195757,-23.3127714375,85.785271912,4.71336975439,6.28310024454,0.0,0.00099756538081,-19.0325325141,6.71022458245,-0.576695723881,-2.1019548052e-05,0.0,0.442845255699,-0.477823046721,900.082720102,899.933911812,157,252.0
5.0399999999999805,-0.0104025895073,23.5242851191,87.8322791116,0.602355044309,0.000341207607355,0.0,-0.00672215008007,13.9252907247,12.4064901682,-0.091628313793,8.18941809504e-05,0.0,0.661593007958,0.0313645975409,899.983298064,899.702518278,158,252.0
5.0399999999999805,0.00236841383925,-29.2956163829,83.6421640044,5.06513590756,6.28291912559,0.0,0.00248934327622,-18.493163918,6.95032819751,-0.128499679303,-0.000127415910185,0.0,-0.204508321769,0.0666194702462,900.064369824,900.689635571,159,252.0
5.0399999999999805,0.00174906106243,13.022135246,91.3085508678,1.09558588093,6.28303390677,0.0,0.0018594926787,12.91562131,13.8729476151,0.44843117854,-8.6092776132e-05,0.0,-0.175379245799,-0.0751137700152,900.281044452,900.161608852,160,252.0
5.0399999999999805,0.00309215748908,-5.37039838416,93.4056113105,0.385521516781,6.28314578865,0.0,0.00166209800536,1.02571970074,17.9740774105,0.0499582250233,2.2662294168e-05,0.0,-0.370099645714,-0.326681784698,900.277347006,899.564049675,161,252.0
5.0399999999999805,-0.000553425126447,10.9984434921,91.50397356,0.659495404455,1.25355821172e-05,0.0,-0.000214599178311,10.2191693667,14.7722228845,0.135925382398,5.13619331302e-05,0.0,0.283379515301,-0.847674524311,899.981570902,900.427151321,162,252.0
2.2800000000000016,-3.97171960669,-0.0740444419251,0.0,6.10839443136,3.29844426571,0.0,-2.51435295913,-0.206017875303,-20.3512042286,-0.390057060448,28.8372646869,0.0,-0.19983640881,900.194026938,899.080180602,882.198781991,163,114.0
2.2800000000000016,-2.88274224982,0.00205770962628,0.0,0.0518034717698,4.7136068968,0.0,-1.44516315692,-0.0442887005713,-20.6172404711,-0.0150170192759,28.8460071815,0.0,0.28712643003,900.396815718,900.245512269,898.955270231,164,114.0
2.3400000000000016,-2.51917620102,0.00139520290497,0.0,6.2706897493,0.786858512194,0.0,-0.0585423872162,-0.00568800685257,-19.7663163215,-0.233499819236,28.8308778243,0.0,0.389622755671,899.842123019,901.012475745,898.011020097,165,117.0
2.3400000000000016,-2.55630849127,-0.13240806823,0.0,5.91920648659,1.13625265539,0.0,-0.292981133858,-0.706867868428,-19.6136517941,-0.346315304308,28.8230286589,0.0,-0.21181018854,899.605873495,899.381666107,898.325154662,166,117.0
2.3400000000000016,-2.47834776109,-0.100312393194,0.0,0.44130662184,1.06963406163,0.0,-0.199159274059,-0.0794872123659,-19.3819577502,0.28224658922,28.8292783621,0.0,-0.128565852913,899.619855889,900.174573298,897.085946183,167,117.0
2.3400000000000016,-2.54575297974,-0.119618194542,0.0,0.446530404423,1.13539809878,0.0,-0.283249505668,-0.0938855681074,-19.3388364377,0.216286964642,28.8401416661,0.0,-0.379010610765,900.117647291,900.695864519,896.228356072,168,117.0
2.3400000000000016,-2.58140680326,-0.035946434701,0.0,6.20967582106,1.12578759062,0.0,-0.307747489244,-0.10129186568,-19.4800892706,-0.334441931967,28.8235490362,0.0,-1.0075284031,899.600011988,899.031535218,896.895883318,169,117.0
2.3400000000000016,-2.5412897997,-0.133901762765,0.0,6.00354167547,1.09885290627,0.0,-0.265879683555,-0.56109650628,-19.5838486911,-0.236093288222,28.8244463455,0.0,0.171738665807,899.562819651,898.561551772,898.600958513,170,117.0
2.3400000000000016,-2.50865895429,-0.00601925035403,0.0,0.0495096990509,1.09014289774,0.0,-0.241057540813,0.00390143768569,-19.514192251,0.495649165471,28.8463688462,0.0,-0.153060776424,900.372954579,877.494241634,899.679713486,171,117.0
2.3400000000000016,-2.5755404433,0.000177866860497,0.0,0.0866402313806,1.12971030478,0.0,-0.302339519663,0.0560685117265,-19.4749084071,0.240884160318,28.8339761093,0.0,-0.519559072083,899.926084172,896.795292619,899.353396679,172,117.0
2.3400000000000016,-2.55271527052,-0.209876845671,0.0,1.06751123135,1.10911117212,0.0,-0.274014206498,-0.445502359961,-19.9472682825,2.56786261373,28.8226655723,0.0,0.762723547023,899.554224705,770.027842679,900.60507398,173,117.0
2.3400000000000016,-2.52532211512,-0.025747427256,0.0,0.430858069055,1.10684584227,0.0,-0.25875560246,-0.0503660392083,-19.6013377103,1.35661879012,28.8389959354,0.0,1.59127996711,900.072286236,818.047276607,900.02745617,174,117.0
2.3400000000000016,-2.59973731969,-0.0103950036214,0.0,0.109144609071,1.12860439286,0.0,-0.303535556491,-0.0487973742585,-19.522345858,0.287177261496,28.8283046994,0.0,2.92420210726,899.683072299,851.804041846,899.997800289,175,117.0
2.3400000000000016,-2.52438875409,-0.00938952615901,0.0,6.25225469705,1.11920931128,0.0,-0.254015478206,-0.0516781277682,-19.441031473,-0.596802048963,28.8332134622,0.0,1.54150590115,899.917051392,885.691228736,900.10956234,176,117.0
2.3400000000000016,-2.55071437579,-0.0141570689429,0.0,6.28046539786,1.14203004332,0.0,-0.279845319982,-0.0251525541529,-19.4119310143,-1.11705211553,28.8147686339,0.0,0.0980151942065,899.318529803,897.505343308,899.312953567,177,117.0
2.3400000000000016,-2.55041953217,-0.00509110665745,0.0,0.0397473788837,1.13507101657,0.0,-0.296537587649,0.0158629762866,-19.4711110159,-0.140654670661,28.8306937236,0.0,0.93089357769,899.895447742,899.339496052,899.181450539,178,117.0
2.3400000000000016,-2.45843761164,-0.153381757982,0.0,0.584666908896,1.06611180995,0.0,-0.181690221217,-0.180051664518,-19.267793932,0.644696390506,28.8447541385,0.0,1.34252947809,900.161457526,896.992951969,898.630434652,179,117.0
2.3400000000000016,-2.54922850641,-0.0143131981811,0.0,0.180270076758,1.12837342579,0.0,-0.289136351875,0.0679869627412,-19.4682429474,0.11651847755,28.8311161025,0.0,1.61466211062,899.952025015,898.159311545,895.979998542,180,117.0
2.3400000000000016,-2.58319142748,-0.130256403289,0.0,0.353713892777,1.12849697895,0.0,-0.310211260653,-0.140387070504,-19.3881459309,-0.132083812823,28.8196990826,0.0,4.77504474095,899.490559294,896.646943419,890.74772916,181,117.0
2.3400000000000016,-2.53187727646,-0.11427122393,0.0,2.08722342952,1.11550512667,0.0,-0.180779533567,0.569533778328,-20.3846191048,-4.59512189468,28.8201293264,0.0,19.8937100347,899.438557871,884.163768493,893.313258059,182,117.0
2.3400000000000016,-2.6212982752,-0.025237900091,0.0,0.395530018471,1.18452795989,0.0,-0.341564667076,0.186504622932,-19.4130144791,-3.74724061312,28.8183788045,0.0,2.60107726102,899.356075291,897.745749971,857.594633645,183,117.0
2.3400000000000016,-2.5345402036,-0.0113789656947,0.0,0.281999223296,1.06810135984,0.0,-0.228198970073,0.128180841391,-19.5116213604,-3.5480444127,28.8264050507,0.0,2.2726520286,899.821729329,899.397317064,853.780108205,184,117.0
2.3400000000000016,-2.53507641383,-0.291956600371,0.0,2.34502603623,1.13331343958,0.0,-0.260588353769,-0.314889771837,-20.9495209139,-5.24643657362,28.8220198419,0.0,9.681322243,899.609150458,897.074715248,893.101984629,185,117.0
2.3400000000000016,-2.57247952204,-0.0163036385868,0.0,0.250414101218,1.13958950676,0.0,-0.320007808871,0.087398877239,-19.4889612077,-1.94396090255,28.8359264502,0.0,1.11215633222,900.183169064,900.028479977,862.788780301,186,117.0
2.3400000000000016,-2.5070037923,-0.0060598386561,0.0,0.345675993614,1.06940168033,0.0,-0.248427617667,0.111246699463,-19.5541792501,-2.342080698,28.8397107424,0.0,-0.272055912613,900.132333314,899.911844549,838.272394587,187,117.0
2.3400000000000016,-2.52532622394,-0.0482678590597,0.0,0.249097649402,1.08890317524,0.0,-0.250347109498,0.00395456503044,-19.5042769309,-0.930087280736,28.8495811897,0.0,0.375020388206,900.48361535,899.801976352,872.402447381,188,117.0
2.3400000000000016,-2.46813994873,-0.0121549203966,0.0,0.187110274552,1.03065347308,0.0,-0.179312804037,0.0605734125602,-19.5299582968,-0.283595250738,28.8443765044,0.0,0.296181074527,900.221853061,899.701711875,884.982612352,189,117.0
2.3400000000000016,-2.48505027785,0.000193082541905,0.0,0.0540254193287,1.1078404746,0.0,-0.24667818293,0.0288759469259,-19.4936870835,-0.646419539268,28.8298995289,0.0,-0.861793039078,899.843773576,899.645468772,878.781395691,190,117.0
2.3400000000000016,-2.53225373215,-0.0106527737176,0.0,6.08430856218,1.06559150752,0.0,-0.259738880011,-0.150750341975,-19.4762115349,-1.62615448967,28.8269242974,0.0,18.0677851367,899.794424303,898.856161302,897.935732787,191,117.0
2.3400000000000016,-2.59728157528,-0.00484921517651,0.0,6.19130494768,1.1320350902,0.0,-0.328205883109,-0.0690430913597,-19.4513207366,-0.799510754634,28.8463917583,0.0,11.9501432839,900.473881521,899.666178739,899.591143965,192,117.0
2.3400000000000016,-2.49838848655,-0.0289134116234,0.0,0.172529095462,1.06700042331,0.0,-0.214755377345,0.0228527633218,-19.4906883974,-0.0322341947424,28.8343321252,0.0,0.686943669622,899.937962319,900.055611083,899.203271508,193,117.0
2.3400000000000016,-2.58636270105,-0.00280600547433,0.0,0.0507383636583,1.15779215343,0.0,-0.3321676669,0.032842826554,-19.4563775484,0.0982014427382,28.8437423116,0.0,-0.241316107885,900.237742278,899.711980257,899.78421511,194,117.0
2.3400000000000016,-2.48223762327,-0.00776856938009,0.0,6.23963670595,1.0656086704,0.0,-0.207547640603,-0.0405518180119,-19.4903197373,-0.259229080429,28.8273949696,0.0,0.616349761435,899.852648737,900.094966012,899.880073959,195,117.0
2.3400000000000016,-2.51155664057,-0.0259399047448,0.0,0.234203501219,1.13173286426,0.0,-0.270313338371,0.0637195266625,-19.4399443072,0.262607118095,28.8494350185,0.0,-0.816671591378,900.536365618,899.296228214,900.035040172,196,117.0
2.3400000000000016,-2.49144296061,-0.360961598998,0.0,0.737445486908,1.10893286094,0.0,-0.224603793221,-0.503760609731,-18.887210884,0.486539658608,28.8449768458,0.0,-0.816531609342,900.393153443,899.942537209,900.001532107,197,117.0
2.3400000000000016,-2.582454878,-0.260468672341,0.0,5.65809084646,1.10925126611,0.0,-0.266631842395,-1.44793877458,-20.054222801,-0.629091355925,28.8261946787,0.0,0.100106315277,899.79443134,900.581780045,899.657067094,198,117.0
2.3400000000000016,-2.43469957738,-0.0240738905899,0.0,6.16520472844,1.01017667518,0.0,-0.143937385958,-0.146041143872,-19.53160363,-0.0697065888013,28.8453783608,0.0,-0.0856672960396,900.326197713,900.173688552,900.10719389,199,117.0
2.3400000000000016,-2.5046954894,-0.120623130699,0.0,6.02214844378,1.06985933761,0.0,-0.216933169507,-0.488321145865,-19.5730873593,-0.182919641617,28.8437801015,0.0,0.637931423769,900.464005061,900.696199419,900.188826306,200,117.0
