time,x,y,z,phi,theta,psi,x_velocity,y_velocity,z_velocity,phi_velocity,theta_velocity,psi_velocity,rotor_speed1,rotor_speed2,rotor_speed3,rotor_speed4,episode,total_reward
1.0200000000000005,-2.03079646571,-0.709369842183,0.0,1.54079850924,3.83083898795,0.0,-1.76063668227,-3.03610604501,-6.38191674227,-16.673904137,2.25664040608,0.0,493.154411166,443.844552508,545.85027411,393.560925018,1,51.0
1.0200000000000005,-2.0337540415,-0.708637253,0.0,1.54672734408,3.82495549393,0.0,-1.77102621104,-3.02395167907,-6.42286998101,-16.6436080519,2.2389164762,0.0,493.958114081,443.172066947,545.043453645,393.970732308,2,51.0
1.0200000000000005,-2.02069201634,-0.715740401809,0.0,1.58431286804,3.84481001204,0.0,-1.71367224411,-3.02631807054,-6.46769558854,-16.650680802,2.11183200375,0.0,497.615091182,442.465662502,544.671080795,393.433816662,3,51.0
1.0200000000000005,-2.02760787771,-0.713204750302,0.0,1.28083001417,3.68103618373,0.0,-1.92738042601,-3.0568483376,-6.59392513143,-16.5477176607,2.04871370777,0.0,495.183350085,422.653272793,550.096821445,402.097470364,4,51.0
1.0200000000000005,-3.32580482554,0.663157202073,0.0,5.87791519653,4.5530583329,0.0,-5.57944033027,-0.012404746202,-9.55661140444,-17.2719347107,-2.35138863241,0.0,488.615443277,246.472628367,735.922378192,442.653410552,5,51.0
1.0200000000000005,-0.2494631097,4.43633985104,0.0,4.63884784931,6.08428381562,0.0,0.149102141695,6.98656978813,-4.37570139968,-16.5529436774,-9.3918646396,0.0,435.731259803,137.297129482,810.77589224,576.508274159,6,51.0
1.1400000000000006,1.68823657027,0.325067588645,0.0,1.14927368043,0.200185146978,0.0,1.81689311092,-0.802503357041,-6.20548473339,-13.2048974795,-10.6058778174,0.0,319.426640949,100.66623473,852.565320944,580.508927109,7,57.0
1.0800000000000005,0.0655784720639,0.669971260975,0.0,0.8111891888,1.26283629319,0.0,-0.229082142219,0.202136297165,-7.65523643662,-7.71479275642,-7.99103631999,0.0,281.645040007,65.199652382,751.514370793,568.72667746,8,54.0
0.9600000000000005,-0.588020967834,0.515587225618,0.0,0.892634027098,2.09096505728,0.0,-0.324581968687,-0.0981890128192,-6.44773670752,-1.56498695129,-7.18977447398,0.0,329.768945402,236.729827364,342.941599817,334.202806418,9,48.0
0.9000000000000005,-0.809402181971,0.305070670399,0.0,0.812250050068,2.96747164315,0.0,-0.546798340205,0.161600287111,-6.35703889807,-0.773781065289,-5.98432394888,0.0,262.80021303,191.397273745,291.606289861,263.7072693,10,45.0
0.8400000000000004,-0.809812460511,0.14882612162,0.0,0.700071604648,3.40730155314,0.0,-0.78043732661,0.16221306523,-6.08397767077,0.446769940481,-6.02947853242,0.0,235.498348558,147.357663054,246.937435675,238.534575665,11,42.0
0.8400000000000004,-0.894597088603,0.0792491884074,0.0,0.602553460087,3.41838907992,0.0,-1.0349733473,0.0913835111908,-6.43344475948,1.01847120697,-6.20961098192,0.0,231.959509955,124.043905466,211.278597692,224.106920597,12,42.0
0.7800000000000004,-0.860482159398,0.0324265255459,0.0,0.359741703988,3.90727474527,0.0,-1.27154172413,0.080827051309,-6.256301078,0.865251459536,-6.50168628539,0.0,202.259996897,104.773237581,160.033509258,181.662053155,13,39.0
0.7200000000000003,-0.719645664504,0.0072800401768,0.0,0.083999224871,4.23787301099,0.0,-1.28134448647,0.0259450212624,-5.96209343325,0.239895698558,-7.02060299329,0.0,183.873535231,88.9158966787,124.419261063,141.529753595,14,36.0
0.7200000000000003,-0.64580739198,0.000173792418777,0.0,0.032748103061,4.16537680681,0.0,-1.15372856441,0.00114046612129,-6.14373704148,0.307860264865,-7.4189529272,0.0,191.444720371,79.8198001787,114.379818184,124.967428531,15,36.0
0.7200000000000003,-0.640890798688,0.0141229259912,0.0,0.221464409926,4.30890060498,0.0,-1.18265272178,0.0691611699701,-6.48018998816,0.191187695953,-7.28669500585,0.0,172.055479228,80.6834755012,99.6826152405,100.712193329,16,36.0
0.6600000000000003,-0.490716271766,-0.000300376307062,0.0,0.354434655914,4.99266100844,0.0,-1.15578619948,0.0280801743419,-6.26728363253,0.421151637739,-7.61357898213,0.0,135.971830017,66.3040158575,68.3363202912,74.0668323181,17,33.0
0.6600000000000003,-0.42082188685,-0.00337102027706,0.0,0.269619550156,5.13698849902,0.0,-1.02850807541,0.00334067643261,-6.39514145144,0.334439027091,-7.47975180519,0.0,122.120270064,71.9785683645,57.0876386832,66.235109506,18,33.0
0.6600000000000003,-0.351007731782,-0.00252957084803,0.0,0.209102930792,5.31052539491,0.0,-0.869946294228,0.00797279115683,-6.4005028786,0.243901029035,-7.54363766451,0.0,108.772493842,71.9455465945,49.5698644102,61.909872946,19,33.0
0.6600000000000003,-0.266324700588,-0.00712987657985,0.0,0.25944050152,5.74413882949,0.0,-0.692092901035,-0.00122682534377,-6.504842549,0.254501593641,-7.65760980988,0.0,282.872282292,172.880453803,180.150095863,160.109250065,20,33.0
0.6600000000000003,-0.16427459169,-0.0149011730812,0.0,0.368174667849,0.312449204188,0.0,-0.54595705702,-0.0426854892328,-6.62028739783,0.519987369984,-6.5985969904,0.0,230.524363098,169.072260367,145.45521526,121.459559283,21,33.0
0.6600000000000003,-0.18961827076,-0.0242018755034,0.0,0.548306809714,0.0755242940347,0.0,-0.571275749924,-0.0643315445827,-6.57087946515,0.782757003224,-6.87385794306,0.0,225.274377124,143.578889037,138.78724825,111.387609422,22,33.0
0.6600000000000003,-0.215795179932,-0.0311048580897,0.0,0.722654115781,6.09297497244,0.0,-0.604691442324,-0.0633267608747,-6.49639785701,1.04202858411,-7.2755452423,0.0,240.204607896,122.024633186,144.381506561,119.992089943,23,33.0
0.6600000000000003,-0.231592635085,-0.0398281931057,0.0,0.929697673685,5.95435644172,0.0,-0.625396247327,-0.0394365119825,-6.39964139471,1.35677465577,-7.68920800975,0.0,270.297104063,109.757958149,145.474162143,140.203388751,24,33.0
0.6600000000000003,-0.216602662999,-0.0405428263609,0.0,0.925245070399,6.05716789375,0.0,-0.594790509019,-0.0553732144055,-6.41437609884,1.33995571044,-7.50781804516,0.0,259.659765719,104.049854365,144.292892009,135.945428712,25,33.0
0.6600000000000003,-0.232594164104,-0.0323096704995,0.0,0.858478689229,5.89864204833,0.0,-0.599712980339,-0.0393426716389,-6.38143250267,1.12578686376,-7.5478866639,0.0,261.772423989,92.3676602043,149.572607309,122.780370396,26,33.0
0.6600000000000003,-0.186336533445,-0.0336968912741,0.0,0.779013044345,0.00238583293996,0.0,-0.510687159504,-0.089563864321,-6.47700087461,1.04124079519,-6.87309175718,0.0,226.491095361,89.3431802613,139.044844647,107.857739321,27,33.0
0.6600000000000003,-0.136979264146,-0.0177076373008,0.0,0.489971288687,0.386515915598,0.0,-0.394652801054,-0.0713148112162,-6.57819752362,0.723735663105,-6.25750823989,0.0,194.759969582,89.8727223743,129.662765971,99.4618645254,28,33.0
0.6600000000000003,-0.12836592834,-0.0136005709524,0.0,0.425829024944,0.523268572162,0.0,-0.362000887803,-0.0615770416994,-6.56989121112,0.613396320099,-5.79812079242,0.0,180.041331756,82.6505138581,126.392621425,95.8089424078,29,33.0
0.6600000000000003,-0.180500574842,-0.0120174308385,0.0,0.527626043271,6.22135805198,0.0,-0.431113729198,-0.0562607697222,-6.40829663581,0.44422735859,-5.55853858401,0.0,185.973749121,65.2573931523,148.908857208,88.4513904836,30,33.0
0.7200000000000003,-0.149567378103,0.0077246794654,0.0,0.636071726414,5.16215332335,0.0,-0.357920377838,-0.0361498554878,-6.73466772129,0.688154729757,-4.0375088605,0.0,37.310974735,12.449051642,12.2917471842,21.531657014,31,36.0
0.7200000000000003,-0.053450958973,0.00461276316304,0.0,0.727433478846,5.05984237738,0.0,-0.184519803303,-0.0420677273265,-6.7542627734,0.828785610531,-2.72681156725,0.0,30.5634141861,11.9106175635,10.1091942139,16.0345140179,32,36.0
0.7200000000000003,-0.0240860403254,0.000628571803507,0.0,1.03147526764,5.27066068632,0.0,-0.106385346212,-0.0837428378117,-6.75854420491,1.17848022681,-1.96208713955,0.0,31.1626118886,6.53120723042,6.20449636627,9.96406506546,33,36.0
0.6600000000000003,-0.016018542304,-0.00106295494309,0.0,0.0402286214345,5.77448103741,0.0,-0.140387484735,-0.00902406493329,-6.68748515442,0.0788949177989,-1.04428193572,0.0,34.667674451,9.34428128719,9.99513637907,17.4323184275,34,33.0
0.6600000000000003,-0.0161306171603,-0.00225849532065,0.0,0.0897996071506,5.77045490841,0.0,-0.139856853183,-0.0196559143333,-6.65772611883,0.193038637837,-1.02122570519,0.0,26.4549490783,14.9573566152,16.8489275747,35.374733993,35,33.0
0.6600000000000003,-0.0159141810068,-0.00284128719123,0.0,0.130086142923,5.77391771231,0.0,-0.135591346268,-0.0258805587955,-6.62659790896,0.355760824057,-0.977939005175,0.0,20.1060355142,21.6485678041,26.7343028238,63.3073785105,36,33.0
0.6600000000000003,-0.0139415254098,-0.00309900823865,0.0,0.237901602502,5.76990069543,0.0,-0.115943474245,-0.0318530276681,-6.5567397398,0.997872446927,-0.967207950934,0.0,17.1369058792,26.884988384,42.257075951,134.047999648,37,33.0
0.6600000000000003,-0.00566888292962,-0.00495548182507,0.0,0.83315739226,5.73019944185,0.0,-0.0424310291323,-0.0511564115098,-6.29003301969,2.85485041341,-1.03925019821,0.0,13.9404728293,25.2002823939,37.6253616706,191.72864861,38,33.0
0.6600000000000003,-0.0203460577662,0.246205592889,0.0,4.11159441227,5.06393439678,0.0,-0.0673850363075,0.566070746608,-6.47235471632,4.55926600833,-3.60687326628,0.0,15.6464789362,8.76371529755,6.2046677226,144.277080756,39,33.0
0.6600000000000003,-0.0190652059643,0.245550433391,0.0,4.30656188801,5.0380691824,0.0,-0.00895650318837,0.530919114482,-6.65360982329,5.60059123835,-4.4085610822,0.0,13.3257580649,7.20860487777,5.54405469321,223.771155843,40,33.0
0.6600000000000003,-0.0122149335635,0.253623760524,0.0,5.1964527561,5.03598266199,0.0,0.110405690674,0.445075269234,-6.77357895144,7.52922843514,-4.53135034681,0.0,11.3085053527,3.68605473128,2.44952096645,290.86340117,41,33.0
0.6600000000000003,0.00788331873941,0.256385625649,0.0,0.522484592631,5.04591195465,0.0,0.163386509691,0.434340991415,-6.35819282232,9.19324346365,-3.67170236201,0.0,15.0368535665,1.5942809069,0.625167843464,292.880208106,42,33.0
0.6600000000000003,-0.0103284170768,0.31257200568,0.0,0.120054800505,4.98607146245,0.0,0.135646872806,0.556935201789,-6.45907061993,8.75390706871,-4.60328092053,0.0,17.7925259117,0.400560596065,1.15307498826,302.769249787,43,33.0
0.7200000000000003,0.0618466036132,0.22339527744,0.0,5.86690815426,4.79007737826,0.0,0.686513207217,0.466020062434,-6.48496015379,13.180462283,-3.26202113195,0.0,15.9549051327,0.889115836814,3.35792492392,360.579165863,44,36.0
0.7200000000000003,-0.218830504748,0.0910840680004,0.0,0.283582930179,5.3297593272,0.0,-0.333484264253,0.23921084311,-6.36946231639,8.48879608006,-4.30566925479,0.0,11.7007998795,0.34696373338,1.26301532063,309.985259571,45,36.0
0.7200000000000003,-0.17221796856,0.16894063829,0.0,4.47764731753,5.19782522395,0.0,0.0876544048879,0.680546218188,-6.31082021123,13.8766934549,-4.02650712141,0.0,6.40833231325,5.33752290517,27.1424128834,612.359375077,46,36.0
0.7200000000000003,0.140942377063,0.255975677933,0.0,1.84335979333,5.59921939336,0.0,0.68038251791,0.536866970672,-6.15041133553,15.3238562435,-1.1489463675,0.0,8.24511559686,0.46485544321,2.85892502975,302.846591066,47,36.0
0.7200000000000003,0.145514681468,0.252406861067,0.0,1.23155868564,5.62779112536,0.0,0.760924230497,0.539428765114,-6.09069932766,17.5768182478,-1.09716700771,0.0,4.87417796552,2.68482472782,7.50368069471,516.00772143,48,36.0
0.7200000000000003,0.141033619339,0.295763566335,0.0,2.07939628709,5.62975241324,0.0,0.705372386812,0.503665043669,-6.35557123807,16.6770745796,-1.09568513329,0.0,6.97985927512,1.25481432433,4.2738460074,343.526507951,49,36.0
0.7800000000000004,0.17805908914,0.309471240232,0.0,4.99025153187,5.60079890645,0.0,0.826424346705,0.578091947994,-6.88957433066,17.8095999189,-1.02343019958,0.0,2.96802010789,1.99760717718,26.1960347537,694.122007994,50,39.0
0.7200000000000003,0.131662110078,0.379320837461,0.0,3.62325247373,5.03337309412,0.0,1.15401073536,0.891359370668,-6.54486141533,19.653711344,-2.55902601299,0.0,3.13395279978,3.77064332068,50.2124571107,719.033376004,51,36.0
0.7800000000000004,0.177098466153,0.179391759044,0.0,0.950793458761,5.40946527042,0.0,0.665337891171,0.398679189867,-6.19120094461,12.2877934259,-1.33627381056,0.0,4.68026161749,1.121591264,2.86148015123,127.803992298,52,39.0
0.7200000000000003,-0.0214942995554,0.00776554297759,0.0,5.79337818365,5.38532664335,0.0,-0.146610138278,0.0152902452537,-6.56027561743,-0.473566566465,-1.58265319256,0.0,4.38649626832,0.336168786561,2.70748635629,62.83892618,53,36.0
0.7200000000000003,0.0869664071351,0.118985335117,0.0,1.29053891356,5.5633963293,0.0,0.323766288551,0.298516901939,-6.45849785852,11.1901773827,-1.22787430289,0.0,1.68629308552,2.17719772497,39.0008680598,450.852713569,54,36.0
0.7200000000000003,0.0906792343127,0.0431386671365,0.0,2.83939755764,5.35624953854,0.0,0.652260068505,0.144234069336,-6.23388294044,15.6097443635,-1.6456438487,0.0,1.3547907969,2.88378686891,74.3980122388,789.788026213,55,36.0
0.7200000000000003,0.0630113200018,0.0689532281333,0.0,0.473093629543,5.30710009464,0.0,0.351927836065,0.186197198746,-6.26531616166,9.71643194592,-1.74682628466,0.0,5.08942285415,0.26036538944,7.74631383832,37.3397391515,56,36.0
0.7200000000000003,0.0964065234164,0.086948222365,0.0,0.824658048441,5.29950469665,0.0,0.447386724829,0.202086452835,-6.36136874789,10.5339432693,-1.76300776139,0.0,2.89307498536,0.664173666869,8.33909922695,34.6762081341,57,36.0
0.7200000000000003,0.137680866426,0.105675718117,0.0,2.34450667892,5.30218373163,0.0,0.764439240583,0.18279745008,-6.33491724342,14.1941691226,-1.759576215,0.0,2.24523962246,1.98957712232,32.2039983258,232.679237483,58,36.0
0.7200000000000003,0.0720408343363,0.116725832145,0.0,4.91734640812,5.29046580463,0.0,0.224648790424,0.275841227463,-6.32291082592,7.45008585561,-1.78480627082,0.0,2.93601415674,0.5336559193,14.1977381937,46.732995566,59,36.0
0.7200000000000003,0.060039078053,0.0959726062984,0.0,0.368663474564,5.2640161432,0.0,0.169087947355,0.184785594727,-6.32809831286,6.56221434778,-1.84158336496,0.0,2.49161992774,0.648799635351,7.19126618637,14.4529034205,60,36.0
0.7200000000000003,0.0579654438567,0.0984607276932,0.0,0.526105262446,5.25030564872,0.0,0.238004332682,0.204448414057,-6.32950388648,7.26367621847,-1.86951785428,0.0,2.31788239057,0.0120867482552,8.02466027252,14.2163064159,61,36.0
0.7200000000000003,0.0679353022349,0.120519023838,0.0,6.04427219898,5.25087891318,0.0,0.177918790814,0.227239910097,-6.20308472938,6.70688708655,-1.8676042576,0.0,1.11347147016,0.506068209677,11.1100398366,20.6018157796,62,36.0
0.7200000000000003,0.0648996632855,0.121184338376,0.0,5.91589187239,5.25022658916,0.0,0.174883036928,0.226445870623,-6.20515953559,6.5274432467,-1.86876195741,0.0,0.733607501587,0.293004761713,11.9871569767,21.6969100896,63,36.0
0.7200000000000003,0.0639105133543,0.134563036238,0.0,6.26945769176,5.24618012147,0.0,0.152487123511,0.256466037028,-6.15562109524,6.32889218817,-1.87872990471,0.0,1.01526051028,0.200800239308,12.7734317216,18.9660473974,64,36.0
0.7200000000000003,0.0678160713577,0.14557651057,0.0,6.09493729824,5.25423498086,0.0,0.172962931326,0.272210819678,-6.15723425645,6.34393817101,-1.86037334084,0.0,1.58970223969,0.266200372835,16.0077264496,21.7515479193,65,36.0
0.7800000000000004,0.0820540328363,0.356802992108,0.0,0.937414113901,5.11582724146,0.0,0.437769618713,0.665339713785,-6.64456638464,8.58199467436,-1.86770938546,0.0,0.879398372077,0.455164529163,43.5977300416,69.02716307,66,39.0
0.7800000000000004,0.118973149968,0.338730962238,0.0,5.1797217925,5.08228854083,0.0,0.338195587184,0.627370474855,-6.4327094469,6.80329055531,-1.92488533557,0.0,1.00931097083,0.534513936828,26.3852901197,34.9833423709,67,39.0
0.7800000000000004,0.0818685154548,0.353259096657,0.0,6.18858911722,5.05918917079,0.0,0.189038658332,0.670918593929,-6.49624928614,5.40193974848,-1.96823362992,0.0,1.37185403285,0.343566055436,20.5179967552,17.5503630476,68,39.0
0.7800000000000004,0.0178024982171,0.133016711375,0.0,5.65320088426,4.81341144723,0.0,0.0479668083837,0.152947949733,-6.57558808358,2.44025495049,-2.44383548943,0.0,1.03725010756,0.437971255166,26.0581482035,23.8154813957,69,39.0
0.7800000000000004,0.00848738211041,0.145842109496,0.0,5.7790557793,4.77523297118,0.0,0.0266946233852,0.175278846957,-6.52516193977,2.38822464298,-2.51677690648,0.0,0.67092550396,-0.350914837535,27.7497710677,21.8124039282,70,39.0
0.7800000000000004,0.0123935965959,0.132453297701,0.0,5.59924447949,4.76042653505,0.0,0.053571487993,0.145283352744,-6.5589748417,2.48008576334,-2.54462103639,0.0,0.311399855283,0.0681204843206,32.2861947071,22.6841555144,71,39.0
0.7800000000000004,0.0167716417381,0.132357210113,0.0,5.38386318309,4.74639120065,0.0,0.0809975295944,0.152781706349,-6.59682658475,2.59333317052,-2.57689473894,0.0,1.51671944685,-0.280995769724,39.3785713456,24.1553465773,72,39.0
0.7800000000000004,0.00687158254964,0.221685892525,0.0,4.74563849759,4.72004557844,0.0,0.0739248453673,0.408062740031,-6.79384046057,0.786408688972,-2.62845624004,0.0,0.863579863895,1.0419166143,50.6131718224,31.6283950658,73,39.0
0.7800000000000004,0.0361509946864,0.125250451483,0.0,4.47575392376,4.72131057556,0.0,0.179613377089,0.215422300854,-6.63387159736,3.65308011265,-2.62142842704,0.0,0.0427998159866,-0.104233166061,73.1497389346,64.5125746515,74,39.0
0.7800000000000004,0.0300093624631,0.207736552099,0.0,5.42318012048,4.70516607662,0.0,0.132941660748,0.287578419905,-6.66720590679,1.63944436464,-2.65911874803,0.0,-0.156693762538,0.76892849512,66.3740929916,21.1648911443,75,39.0
0.8400000000000004,0.277461828734,0.198981134857,0.0,5.80648875436,4.46092924973,0.0,1.90726178869,0.373914660074,-6.20375795487,11.4151719684,-2.73424455354,0.0,-0.182676732705,2.83737899507,492.12764049,838.292159227,76,42.0
0.8400000000000004,-0.0360138008288,0.151483871299,0.0,3.66941118687,4.3998535773,0.0,0.238310047276,0.195002094258,-6.19403166484,-6.03579102919,-2.86541601252,0.0,3.01227013655,1.54701286713,241.656509317,145.412472023,77,42.0
0.9000000000000005,0.55896527655,-0.169351420518,0.0,4.87211719293,3.99214883034,0.0,3.05891719235,-0.106468009895,-5.95240790095,-0.692219435429,-3.1040606877,0.0,7.79837891549,2.03122017064,495.598446982,554.537365398,78,45.0
1.0200000000000005,2.13869341541,0.230870170922,0.0,4.35026913719,3.59808378664,0.0,7.27928199912,0.259729318385,-6.17839975877,18.1055191201,-2.97949803084,0.0,1.11812628803,2.41795506584,528.187120928,878.472972355,79,51.0
1.0800000000000005,2.27441853278,0.592686400383,0.0,4.12608170355,3.15043075323,0.0,7.61646746496,0.609141323482,-6.03006262284,17.8724047263,-5.19632417509,0.0,53.7597770288,12.9886616996,628.980826651,827.752451549,80,54.0
0.9000000000000005,-0.469371206881,0.915947387214,0.0,4.97341559579,6.2681883368,0.0,-1.48046145243,0.741313773946,-6.45773967106,17.6770711271,-14.4589218199,0.0,521.02001217,150.682606962,570.584016404,833.67933109,81,45.0
0.7800000000000004,-2.376443975,0.414006052283,0.0,4.34132186013,5.22239942044,0.0,-6.14914142527,0.336137078914,-6.83217088553,15.9965823864,-22.3088285017,0.0,678.991485095,28.8339776791,347.606266265,417.220073248,82,39.0
0.7200000000000003,-2.20806097417,0.879636792031,0.0,3.09951547763,6.01835730724,0.0,-5.44869005746,2.27721606265,-6.00557905889,19.5225533907,-16.9301432747,0.0,397.519428173,38.7110052039,305.80963753,674.060927314,83,36.0
0.8400000000000004,-1.92384302291,0.798479731221,0.0,1.95359933738,2.80163717499,0.0,-1.70535426912,1.5972157318,-6.51006056685,23.6128090071,-22.8547091964,0.0,772.84083354,258.262553392,380.058950851,857.845271954,84,42.0
0.7200000000000003,-1.04310410301,0.224028214075,0.0,4.61128747229,0.309314333745,0.0,-2.12545756877,-0.808626930722,-7.07633025666,20.8994488495,-16.746486575,0.0,538.171459811,204.439134657,550.034403165,829.526963303,85,36.0
0.6600000000000003,-0.738328377176,0.507796649098,0.0,1.59386893294,3.56871087483,0.0,0.574101764916,-0.229960866434,-7.79305999968,22.443321279,-19.5223345789,0.0,661.549563851,313.213531719,490.979421714,881.273478316,86,33.0
0.6600000000000003,-1.03718733401,1.19588467658,0.0,5.9880656123,5.42716451455,0.0,-3.07919998531,1.91166299748,-6.66526782468,20.9315924352,-19.692839585,0.0,679.743943005,219.831059875,507.628446258,859.153133412,87,33.0
0.7800000000000004,-2.9075244143,0.555546279791,0.0,0.0304108546276,2.86967853327,0.0,-5.84153855681,1.36008769528,-6.08355509264,21.3172109663,-25.2865455244,0.0,830.070730977,40.3923926301,219.235971279,731.259083692,88,39.0
0.6600000000000003,0.311335387226,0.478958517112,0.0,0.614491952527,2.53960415638,0.0,3.80214777331,1.49269706849,-8.36330150721,24.3202348178,-16.5991262783,0.0,802.476407073,588.664038741,404.935516902,895.143387907,89,33.0
0.7200000000000003,0.360733110315,0.405753662832,0.0,1.19649994398,4.75825907021,0.0,4.30772500687,0.146436867035,-6.42492409873,23.4121083275,-15.7624985424,0.0,815.325342146,579.102257705,442.041205505,896.730559408,90,36.0
0.7200000000000003,1.22389383121,0.169915868706,0.0,2.92141899099,5.2369833983,0.0,7.13367666829,-0.188077980544,-6.47424148646,21.8624218053,-13.0539228762,0.0,9.44900296364,9.42270166924,641.104742455,894.07274192,91,36.0
0.7200000000000003,-0.0145565612396,0.413980662603,0.0,3.62775781395,0.282073921055,0.0,-2.07439286319,1.61038825596,-6.69547782671,22.5194294313,-13.3738726326,0.0,375.134993424,213.726206866,474.46005026,778.408866259,92,36.0
0.7200000000000003,0.66288429455,0.26268788955,0.0,1.62145159005,4.8084728421,0.0,4.11967663906,-0.118747377367,-5.39419035525,22.128501076,-14.5977599227,0.0,465.708059842,206.635239537,583.832382949,890.644544546,93,36.0
0.6600000000000003,1.14986803869,0.255709453458,0.0,1.59035764849,3.01816118293,0.0,6.64606904875,0.301736184883,-7.73448572484,24.3924070328,-15.2693938297,0.0,827.617949491,656.190988141,392.320028919,897.450024983,94,33.0
0.7200000000000003,1.28698110223,0.445068828031,0.0,3.08637319952,1.97369767539,0.0,3.34394127329,0.970468743447,-7.7068676279,22.4182715153,-11.3417763493,0.0,135.953072572,82.4721263565,502.423219037,841.31404237,95,36.0
0.7200000000000003,0.933733094765,-0.0698430474846,0.0,3.79062242221,2.99844733574,0.0,4.63418112933,-0.772592880857,-6.95933157305,23.4152239593,-12.0296907384,0.0,65.2441693319,55.0608552181,556.800876798,870.047263759,96,36.0
0.7800000000000004,0.0359417709633,0.252781551199,0.0,0.146735406703,5.23811669418,0.0,-0.0997776955978,-0.405391935546,-6.61376834666,23.9820220848,-15.0541027137,0.0,699.764716936,414.879314875,472.083853578,892.971774889,97,39.0
0.7200000000000003,2.18499571246,0.572143806305,0.0,1.40960205133,3.34649504758,0.0,9.09853178011,1.02158443787,-8.12671573938,23.9401147275,-14.3800701331,0.0,800.363459854,600.671225475,402.455637541,897.024862278,98,36.0
0.7200000000000003,1.04155353394,0.00945851014454,0.0,1.57642501967,3.23595646548,0.0,6.19466880446,-0.990058119446,-8.26265802592,23.9740576881,-14.4259816058,0.0,520.434939146,317.256686847,490.780308705,885.173809881,99,36.0
0.7200000000000003,2.32029976514,0.293587224681,0.0,0.143005302458,2.19115813437,0.0,6.32732774656,1.46609928518,-7.92221747332,23.1906730219,-13.009107956,0.0,648.428559151,448.674947408,456.181953461,886.30022935,100,36.0
0.7200000000000003,2.08092747452,0.620150455186,0.0,1.29051199502,1.31182708191,0.0,3.87034741822,2.01421317751,-7.41141005127,24.6564202242,-12.9974434054,0.0,781.817489478,655.282291447,371.969153114,894.864983183,101,36.0
0.7200000000000003,1.0796063288,0.63319734799,0.0,4.65873431193,0.223219332883,0.0,0.418845669761,1.26934123114,-8.13700813041,23.1228335934,-10.9643154377,0.0,495.798361078,415.746246612,440.421026885,853.171311233,102,36.0
0.7200000000000003,0.913694411799,0.671650209507,0.0,5.09453486959,6.25192449862,0.0,0.0813675042553,0.989215322113,-8.19502764632,23.4767776767,-11.0796789666,0.0,558.062051881,477.622028907,415.035308981,862.781962156,103,36.0
0.7200000000000003,1.08660764098,0.4916254516,0.0,4.51290802193,0.211448809325,0.0,0.341239345425,1.00817502296,-6.66842091836,22.4039655957,-12.3109576459,0.0,364.313210678,166.465048856,462.815144405,741.139220028,104,36.0
0.7800000000000004,1.3329314418,0.687698717054,0.0,3.63005676524,0.598663424336,0.0,0.668409788584,1.89197119182,-6.3978871864,22.8811722848,-11.0416616573,0.0,255.952019021,148.720772055,471.621212122,817.226975563,105,39.0
0.7800000000000004,1.47699698304,0.84013732559,0.0,0.517502832255,0.019849933435,0.0,1.12935642799,1.28271247067,-5.6782980513,23.8096535143,-13.0893068982,0.0,678.28745776,537.136103957,392.493380414,882.323490909,106,39.0
0.7800000000000004,1.49364975433,1.1024034645,0.0,0.854956865285,0.510739160428,0.0,0.602940208761,2.11452950553,-6.23456995246,25.2165361248,-12.4522016662,0.0,765.944727016,647.138601539,339.897740626,891.673841015,107,39.0
0.7800000000000004,1.82996430838,1.06145282342,0.0,0.449846576245,1.02339348633,0.0,1.99131163412,2.3572908691,-6.60322442657,24.5502975059,-12.4077669112,0.0,724.792691042,588.719368503,392.820864816,890.326371319,108,39.0
0.7800000000000004,1.86862176647,0.837238837104,0.0,5.24867047491,1.11717780923,0.0,2.20528197707,1.77565969178,-6.77633271483,23.7142075089,-12.0711718517,0.0,545.880073622,373.367000566,469.479231861,868.177577754,109,39.0
0.7800000000000004,1.45742470423,0.932633651895,0.0,1.54520109139,0.525572183795,0.0,0.268014265962,2.26590035471,-6.12612301997,26.1137959152,-12.4107285455,0.0,834.190766202,742.957275745,275.449232191,895.722948354,110,39.0
0.7800000000000004,0.774251148376,-0.0271392692312,0.0,4.09534400991,3.21864267024,0.0,4.86812056986,-1.66413573545,-6.98083861121,24.3201642959,-12.9910636918,0.0,199.966501533,107.014324141,514.605074524,874.538368806,111,39.0
0.7200000000000003,2.20205599291,0.305318390293,0.0,1.61890006127,3.25114996071,0.0,8.99818168997,0.34621634463,-7.73366729299,24.507304451,-14.8795177818,0.0,592.516010481,277.748347147,489.235085839,890.04657821,112,36.0
0.7200000000000003,1.29640372027,0.155375719121,0.0,5.91880994293,3.80057219152,0.0,6.86650225136,0.406494378128,-7.4319957042,23.661761245,-14.7382093703,0.0,698.190487714,415.434886335,420.867601483,891.020946739,113,36.0
0.7200000000000003,1.97177402156,-0.107990029354,0.0,0.0985333593049,5.80002486865,0.0,8.88183875547,-1.58768764717,-5.66390337342,24.3227687886,-15.8156383834,0.0,768.561539851,417.270462878,440.898219607,896.425961131,114,36.0
0.7200000000000003,-0.54271558803,-0.0933755653077,0.0,1.02183810239,3.96854982373,0.0,2.74845197483,-1.50518983148,-7.50300431266,26.7781905388,-16.9453769994,0.0,874.700525606,750.418168701,181.540871831,896.716157381,115,36.0
0.7200000000000003,1.39744368356,0.701208712659,0.0,1.61267289705,0.279129121655,0.0,1.21892831211,2.1835893016,-6.37795181565,24.5696144599,-13.8800529981,0.0,634.260206401,513.837411471,446.853436842,873.394335949,116,36.0
0.7800000000000004,2.81152244182,0.401238682234,0.0,2.09174695357,5.45403835086,0.0,6.8169371555,0.374580291655,-4.8953016097,24.2565120037,-14.9064457085,0.0,825.791973685,674.340561825,339.965662049,895.069224287,117,39.0
0.8400000000000004,0.0813750465187,-0.331357896689,0.0,4.36593716679,6.06353671582,0.0,-0.666995538706,-1.13354177,-6.08436186055,25.5608881838,-13.38711267,0.0,636.993728558,529.410922086,344.836924148,845.469281838,118,42.0
0.9600000000000005,-3.97058738618,1.56561159182,0.0,1.81002628378,0.901822544739,0.0,-7.29767834165,4.15767702588,-4.82538002768,21.3114846141,-27.3091734354,0.0,890.949219868,156.795319819,215.744148119,785.244115294,119,48.0
0.9000000000000005,-3.01991243262,0.620597370708,0.0,2.68758767375,2.20053545769,0.0,-4.15796370039,0.963223020759,-6.98669132776,22.348963111,-25.3606040734,0.0,882.507559763,255.84306565,202.831385984,825.285949907,120,45.0
0.8400000000000004,3.88902740396,-0.539521344577,0.0,6.17631721032,3.80099349055,0.0,12.2046199144,-0.835627648229,-6.84290247887,21.3904326478,-12.6244793448,0.0,513.45283478,169.567579403,539.596814731,897.318209436,121,42.0
0.7800000000000004,-1.90459721687,-0.139607144969,0.0,0.578566345641,4.21439066943,0.0,0.241598588788,0.524235281076,-6.55410115511,22.870618289,-16.6603875995,0.0,431.101243475,94.118151569,328.425277157,652.756929652,122,39.0
0.7800000000000004,-2.74969532253,-0.897698251767,0.0,0.288501916853,0.689883403767,0.0,-7.08097354542,-1.39378798692,-6.33987149496,16.055784922,-21.8615735985,0.0,712.271318315,110.085401393,334.814581674,314.325155819,123,39.0
0.7800000000000004,-3.26283529094,-0.559607439447,0.0,3.99150368461,0.640268081737,0.0,-10.8755292862,-0.34044560321,-6.09377578323,22.4007031146,-22.6195353098,0.0,890.142693514,549.850272409,212.888103005,868.052160209,124,39.0
0.7800000000000004,-3.40076680812,-0.26984862522,0.0,4.15667862636,4.92806455527,0.0,-6.96918650197,1.05481480889,-6.06692500462,22.6492758737,-22.142669332,0.0,660.64875195,140.802373311,428.67794604,781.016624949,125,39.0
0.8400000000000004,-1.89063709395,-0.926453154239,0.0,4.69752644826,4.30766255657,0.0,-1.45314216421,-1.87985085082,-5.12644504858,24.6214895315,-18.1097712049,0.0,644.933215508,153.164923884,311.943708257,809.317616208,126,42.0
0.7800000000000004,1.73875505376,-1.01720997591,0.0,3.42158254476,6.26025625135,0.0,7.09846146031,-1.65234129515,-5.97362664294,24.2323456165,-14.3639075036,0.0,834.402588576,543.847868876,361.696110241,898.425942241,127,39.0
0.8400000000000004,-3.59077121737,0.246809306737,0.0,4.65187323075,0.733471667466,0.0,-11.5025584316,1.43491362933,-5.03468159354,18.56682165,-24.67152501,0.0,857.896094462,100.514423744,323.669352444,333.00905426,128,42.0
0.9000000000000005,2.79173719183,-0.53580878662,0.0,2.95089542248,2.18577113888,0.0,5.22380991248,-1.08004225572,-4.71854306228,20.3595521045,-12.6020897948,0.0,72.4363185821,49.2942954094,635.159769654,888.54585452,129,45.0
0.8400000000000004,-1.38206418547,-1.57994697645,0.0,0.554053337725,4.84043656644,0.0,-0.437309147595,-3.86953302712,-5.016221626,26.6291508306,-15.8316546835,0.0,885.992128205,739.326383709,172.115911219,896.882532646,130,42.0
0.9000000000000005,-0.896253043141,-0.187401600992,0.0,3.64747228803,2.82300106703,0.0,1.3007910514,0.780456667806,-5.92527005301,24.4997013078,-16.2878766262,0.0,585.82094313,195.210250729,423.531923648,802.492556976,131,45.0
0.7800000000000004,-1.83091097399,-0.809284498312,0.0,1.65788280571,0.175448405619,0.0,-8.98665847034,-2.0491134491,-3.79858378926,27.9834050068,-12.8280140463,0.0,897.152765174,866.116057029,131.338424033,898.532204798,132,39.0
0.7800000000000004,0.148919934785,-0.157877896352,0.0,4.47013884645,5.88249322073,0.0,-4.02166605403,0.293256932331,-7.94465512103,25.7138026332,-9.99773403072,0.0,762.396532711,700.495100873,293.932298456,873.095841122,133,39.0
0.7200000000000003,-0.918826794198,-0.444144291342,0.0,1.17471456436,6.19438734084,0.0,-7.16275755013,-1.28388663892,-5.61649759909,28.3224439763,-8.19405226917,0.0,895.922226849,881.628997345,87.4806305606,898.553037703,134,36.0
0.7200000000000003,-0.640083701229,-0.499735467216,0.0,1.11783215956,0.230906575756,0.0,-7.22895385049,-1.25273795072,-5.70727289422,28.2626928729,-8.11483878872,0.0,896.611552777,885.645615794,67.0824253412,899.043376975,135,36.0
0.7200000000000003,-0.772084720739,-0.616832538598,0.0,1.02697443219,6.24987564124,0.0,-6.95354380639,-1.72049564468,-5.89981035874,28.3322407218,-8.09261868506,0.0,896.038886624,883.636019979,75.8017709112,898.337498145,136,36.0
0.7200000000000003,2.758207843,-0.599954286179,0.0,5.24614200597,0.66325950253,0.0,2.48412049522,-0.827464725396,-7.74285616592,22.5982664323,-10.2128343697,0.0,422.88919337,310.232072062,670.245097974,880.845908751,137,36.0
0.6600000000000003,2.81796789462,-0.735325023064,0.0,3.17099370946,1.10197753995,0.0,3.39809317188,-1.23143037676,-8.09871157098,25.8370217686,-8.77154209414,0.0,892.032787336,861.483309542,128.837431057,899.087562896,138,33.0
0.6600000000000003,1.10284873958,-0.476016402507,0.0,0.600619697164,0.506668394181,0.0,-2.49144560006,-1.30398788045,-6.57172416469,26.8676168743,-8.06136546643,0.0,883.049952289,852.033598541,141.4542296,896.388172417,139,33.0
0.6600000000000003,1.03767688785,-0.457064957658,0.0,0.182643071763,0.60749898355,0.0,-3.0112523526,-1.37076916523,-7.05999459959,27.1211494557,-8.34158526219,0.0,881.316938201,851.522826657,147.81491049,896.266354118,140,33.0
0.6600000000000003,1.78846712676,-0.211178918333,0.0,3.23096249446,0.479140186525,0.0,-0.215558170833,0.761708074299,-7.19510061171,23.5616393865,-10.8290732153,0.0,608.337614946,456.703723253,545.068956699,863.127759382,141,33.0
0.6600000000000003,4.11110245854,-0.500914268295,0.0,6.02862377509,4.27699129173,0.0,13.0264563744,0.00956623747745,-6.16071676773,23.3548899332,-12.3871493432,0.0,719.570742967,427.677615629,522.23691807,897.690994129,142,33.0
0.6000000000000002,3.27356167513,-0.323143247053,0.0,3.41686596323,2.87198354739,0.0,10.6567979283,-1.22751165414,-8.17028865043,21.5850661165,-8.45902215428,0.0,52.8079622481,42.8159518325,791.400392214,897.907604835,143,30.0
0.6000000000000002,3.19298852709,-0.14171704808,0.0,1.73769087898,2.83780235322,0.0,8.69253041518,-1.09480635202,-8.58176790627,23.0709967079,-10.4338349029,0.0,799.852278731,640.754392335,481.090364854,894.345657123,144,30.0
0.6000000000000002,3.15045366547,0.269860998878,0.0,2.63016595543,3.30820550137,0.0,11.8122853509,-0.297418649736,-7.08546475444,24.2963285762,-11.5231509975,0.0,863.547507096,771.89501708,395.809224268,898.123596475,145,30.0
0.6600000000000003,3.42786888363,0.694870701881,0.0,5.2746840241,3.53118047377,0.0,11.5942908927,1.39957127332,-7.03249808647,18.9654307308,-11.4124131275,0.0,130.989884514,56.6905855356,801.084029955,897.863404136,146,33.0
0.6600000000000003,3.37613403105,0.145014435279,0.0,2.76676565849,1.95130406,0.0,8.05718374844,-0.861709820242,-8.14593510584,24.9858477346,-9.5125083518,0.0,893.290899105,861.739308421,204.946501573,898.299310233,147,33.0
0.7800000000000004,4.84106943884,0.0732459532446,0.0,0.260163843299,3.10685909266,0.0,13.8457424281,-0.25594942381,-5.91018711677,18.6365355593,-9.41008822884,0.0,158.676091154,59.6674354564,812.461272078,898.865407148,148,39.0
0.7200000000000003,3.20152210658,0.2455328671,0.0,1.35193440334,3.49814795864,0.0,12.0866864352,0.47026303081,-6.96998207914,21.5721854942,-10.7603365065,0.0,442.746176276,155.45509844,770.300730714,893.820419575,149,36.0
0.7200000000000003,0.889604430645,0.1985415615,0.0,2.47935819301,5.17954734197,0.0,1.70506097192,0.761548167419,-4.84162000103,24.6663901092,-12.9768343073,0.0,875.811794728,766.200148195,351.89093892,896.038640236,150,36.0
0.7800000000000004,-0.440206944314,0.444657930587,0.0,4.65582592828,0.261633882147,0.0,-6.74929364403,0.899986305399,-8.30359704507,27.0847480896,-9.15546481147,0.0,867.547403497,821.686821638,255.163300152,887.766028474,151,39.0
0.8400000000000004,-3.75390393757,0.0442908558695,0.0,1.68965902932,3.49556281711,0.0,-11.5524343175,-0.873497974561,-6.68660685479,21.4014475992,-21.9414034772,0.0,844.217622232,164.8617472,440.152617333,834.619808972,152,42.0
0.7800000000000004,-4.60935258497,0.641866294224,0.0,5.05600861972,2.80875784823,0.0,-12.402842286,1.60454419482,-4.64189814534,19.4464608203,-25.5540086248,0.0,870.569176973,119.03728922,685.751954722,865.876433127,153,39.0
0.6600000000000003,0.284472894617,0.958795281459,0.0,5.14182554149,1.52372583748,0.0,-4.06364201773,2.15667582003,-7.01943987635,24.8473067936,-10.118151666,0.0,699.394764145,544.637259659,525.32902222,861.79076598,154,33.0
0.7200000000000003,-2.84123775254,1.32018640439,0.0,1.09269670814,0.495875085596,0.0,-4.88338501085,2.31103448269,-7.56798600584,22.2040597285,-19.2195340803,0.0,814.80428922,125.37722554,676.018454999,849.141358563,155,36.0
0.7800000000000004,4.61686223212,0.332083179322,0.0,5.18435739185,3.35192979765,0.0,14.3472032537,0.0759217801311,-5.79828914071,16.995775172,-11.1507168917,0.0,170.418428127,69.9153477083,847.778511254,898.632054561,156,39.0
0.7800000000000004,-3.9630225996,-1.00978317092,0.0,1.28188962504,2.98068162774,0.0,-8.22669150373,-3.42063127371,-7.09198634336,22.2388085364,-20.4276775018,0.0,898.851202205,508.170833022,607.903761232,891.64519203,157,39.0
0.7800000000000004,-0.0209121492564,-0.264466179149,0.0,4.09952687721,0.311028959702,0.0,-6.29838263696,0.657904100044,-6.91152685161,25.3774829353,-9.03809723963,0.0,773.656492284,689.499295687,455.153504386,862.677290788,158,39.0
0.6600000000000003,0.0555986570366,-0.284230942599,0.0,6.072495835,2.39354393673,0.0,0.0251122266978,0.252110716532,-5.56199194215,27.8100759254,-9.80771616794,0.0,898.469482765,892.795342665,105.754166777,899.629015589,159,33.0
0.7200000000000003,-1.59129066359,-0.293493909772,0.0,1.42932056335,4.53212541192,0.0,-0.667152791256,0.0562421783643,-6.64284854049,28.2097799076,-9.40120761883,0.0,900.738532091,897.634142834,47.1837191053,900.242959157,160,36.0
0.7200000000000003,-1.05349263629,-1.03209934636,0.0,3.19320627492,0.828978445887,0.0,-8.84080903891,-1.81028634869,-5.71954592906,25.594511464,-10.052902544,0.0,892.278073119,869.476591747,222.11598095,890.543927039,161,36.0
0.6600000000000003,0.770758638836,-0.562248225587,0.0,6.04238021907,1.18642539293,0.0,-3.82438989891,-1.68289491531,-6.31006057477,27.7184220899,-8.06302729568,0.0,896.24984655,885.503897419,159.895280478,898.148629034,162,33.0
0.6600000000000003,1.65103694859,-0.376435682595,0.0,2.86285432048,1.47935420425,0.0,-1.41892302225,-0.61656292878,-7.18455227526,26.3025976693,-8.80902666978,0.0,899.230885435,893.695495498,107.840600441,899.406861442,163,33.0
0.6600000000000003,1.7636731828,-0.435597810999,0.0,2.90515797452,1.29383631091,0.0,-0.870269688423,-0.861087373091,-7.9482175244,24.6475177966,-9.51784288277,0.0,886.462682369,863.729598082,304.674950269,894.154998639,164,33.0
0.6600000000000003,3.07873492194,-0.258012748125,0.0,2.74848502893,2.88292113475,0.0,6.78409020711,-1.48178893813,-8.12344619459,26.1105046113,-10.2790566874,0.0,899.516304293,895.613855327,122.391299527,900.235591393,165,33.0
0.6000000000000002,3.33331435169,0.272908544399,0.0,3.03626970688,3.21107866971,0.0,11.0991989704,0.0375753207905,-7.91486401076,21.5681437098,-9.11242848732,0.0,538.883531411,289.071128081,779.615409152,893.091588789,166,30.0
0.6000000000000002,2.35216602502,0.00677449531218,0.0,3.3189615033,5.38628106679,0.0,10.6631305369,0.516831148112,-6.53642594851,25.9056647638,-10.0832636192,0.0,898.014863502,889.349926966,215.890974524,899.578067695,167,30.0
0.5400000000000001,-0.239598983094,0.406758843364,0.0,5.87265922099,5.03501231692,0.0,2.0807547809,0.552665579756,-9.26272633007,27.6680461839,-9.52945651831,0.0,899.059862993,893.167885369,130.128618672,898.748865595,168,27.0
0.5400000000000001,0.846170395407,0.290698684882,0.0,0.668403930416,3.96065762055,0.0,7.35686844854,1.59534809822,-7.40641440275,27.638295595,-9.87183867707,0.0,899.957235729,898.695861101,70.0123043509,899.907337597,169,27.0
0.6600000000000003,-2.59580830879,0.350084591001,0.0,4.73741331135,4.58680639619,0.0,-5.28137233068,0.799385671943,-6.82849535881,24.7857116042,-16.9506072052,0.0,890.080880685,719.916517226,265.869254579,888.4486518,170,33.0
0.6000000000000002,-0.4269298045,0.0319938258104,0.0,4.43592929259,5.48725099506,0.0,2.24634921366,-0.163965764623,-8.76158273728,26.0885751889,-12.2731454972,0.0,891.136537055,813.293781094,373.695859818,897.784437826,171,30.0
0.6600000000000003,-2.78821223937,0.352638432813,0.0,5.01088814908,1.66758772574,0.0,-8.46439879474,1.14801121528,-7.98381612095,20.0466571494,-19.0720113171,0.0,823.359193231,79.9684529494,799.477599816,845.737971357,172,33.0
0.6000000000000002,0.79148602545,-0.740007929898,0.0,2.45991051971,1.78772592581,0.0,0.0778539963951,-2.48711049638,-7.21691843449,26.27422784,-12.8035269492,0.0,899.809117547,892.483644237,106.089066623,898.045507406,173,30.0
0.6600000000000003,-0.0745114185715,-0.245372291965,0.0,5.87783675705,6.08389862157,0.0,-2.71823209768,-1.7664074084,-8.36543082056,26.23796744,-12.1713110819,0.0,895.653822836,868.095265828,242.736996486,887.515302239,174,33.0
0.6000000000000002,0.710284380768,-0.715144584078,0.0,3.14853589448,4.55720149005,0.0,5.68003441099,-2.61552185022,-6.6737213594,21.7545512035,-10.0637004377,0.0,339.464347213,85.1692262212,787.871751716,899.618450019,175,30.0
0.9000000000000005,-0.789084312798,-0.279675695149,0.0,4.82298898462,4.94453580283,0.0,-4.45701576334,-0.306206401344,-6.72974197482,23.8370888435,-14.5161285386,0.0,742.519907464,339.028812467,604.948097732,885.304547979,176,45.0
0.7200000000000003,3.26900244404,2.10222380634,0.0,4.2871642246,1.24715334669,0.0,7.10811626012,5.47815910148,-6.97100786748,18.974198648,-19.2009714485,0.0,834.852568272,425.227280777,757.101391191,895.36312177,177,36.0
0.7200000000000003,4.43552895223,1.76810647232,0.0,5.94990842515,2.88883023824,0.0,14.0488737512,4.86992169589,-8.19654954709,21.3907239043,-12.9886977835,0.0,894.793836071,762.974389513,559.886535089,898.795867021,178,36.0
0.7800000000000004,3.56244255538,1.67406596053,0.0,5.71564029784,1.22761618685,0.0,3.15633161068,2.26399921391,-7.20691937568,18.4693144002,-18.4286865044,0.0,694.306390931,183.630168854,793.885271476,887.455593549,179,39.0
0.7200000000000003,2.69260560426,1.15335355624,0.0,2.02191736444,6.01256172968,0.0,2.94654428571,3.66267119221,-6.40389141571,21.5894579858,-15.850063254,0.0,849.327330549,708.567294446,542.074062319,888.439146681,180,36.0
0.7800000000000004,3.60307900345,1.52784487378,0.0,0.46939274761,1.44425099499,0.0,6.02513718349,1.30626666006,-6.59406563274,19.0077303622,-19.6844981685,0.0,760.38743134,36.6031619708,834.579556484,899.272517947,181,39.0
0.8400000000000004,0.546951863065,0.459548683936,0.0,2.70179818628,5.030242785,0.0,5.46825449638,1.63243812908,-6.62769122502,26.1053500337,-14.88919153,0.0,895.075589756,847.177168186,243.953243834,898.39620521,182,42.0
1.0200000000000005,-5.24673773214,0.700848713778,0.0,3.73841271026,5.87047083269,0.0,-8.98111983115,3.20668931841,-6.98698279969,16.3437917491,-28.2236501376,0.0,885.927826752,15.6629090378,815.236756496,869.338402215,183,51.0
0.6600000000000003,0.360971929682,0.229665835789,0.0,4.31611367823,1.64374096441,0.0,-1.56568368344,-0.0966136770887,-6.74575434304,23.9701295966,-17.825530668,0.0,811.973227314,465.005395079,569.732658108,886.77720646,184,33.0
0.6600000000000003,2.57265009328,0.389829640855,0.0,4.73155364589,3.13774111116,0.0,9.81248686281,0.9191177937,-6.4942481122,23.6973564857,-17.6662407565,0.0,883.528628101,622.102461739,550.193361208,898.088653706,185,33.0
0.6600000000000003,1.4403872023,0.17920604894,0.0,3.12277639292,0.412394135196,0.0,2.76400498984,0.680029917844,-6.2314808544,25.4584451254,-15.6199280338,0.0,876.446941292,679.986023899,455.692367261,888.371796534,186,33.0
0.6600000000000003,1.60068794991,0.263332847143,0.0,2.21553783908,2.2781746571,0.0,4.7258126387,-0.586210655252,-5.89818683885,22.0369738492,-16.7994153816,0.0,750.407560041,85.9906748348,758.473983545,898.871879356,187,33.0
0.8400000000000004,3.41996401067,0.140181007803,0.0,2.21528905288,0.316499197399,0.0,10.8682551226,0.499680810193,-4.7740317164,26.6477979451,-14.7324196589,0.0,899.932593637,897.569692242,60.5266981517,899.735423841,188,42.0
0.7200000000000003,2.20806528508,0.320683684996,0.0,5.68455999973,2.78637947032,0.0,2.27462176518,0.480499252196,-7.02206258395,23.6533988011,-18.3789223818,0.0,828.867691844,407.314223609,627.897742795,890.154492305,189,36.0
0.8400000000000004,-2.19866149391,0.244608696226,0.0,3.43724203531,4.07095554244,0.0,-7.00553920849,-2.07741385903,-5.70373094458,23.981059221,-21.5483493242,0.0,860.140022543,286.365893425,547.056316824,873.989178495,190,42.0
0.7200000000000003,1.75994698284,0.841374663809,0.0,2.4756896467,0.822100909533,0.0,-0.415662858438,2.42575732733,-7.85308410779,25.3469338547,-16.1548602624,0.0,892.092189083,811.678551501,319.43545668,895.058508253,191,36.0
0.6600000000000003,1.10495725174,0.389383110421,0.0,0.477790692306,5.52974675389,0.0,-0.144798415706,0.179999253055,-9.25871485474,23.1090927605,-18.4719199323,0.0,797.656634614,206.598576562,686.147365051,890.566205735,192,33.0
0.8400000000000004,2.85656966238,1.62034952975,0.0,3.02384515514,4.57181113509,0.0,6.46755683867,3.93112135773,-6.23613381585,20.9088318105,-18.9911087779,0.0,806.416413332,39.4882415095,801.059859418,899.41525918,193,42.0
0.9000000000000005,-4.22963631323,0.0466385561734,0.0,4.30990298344,1.05923701216,0.0,-11.2514382984,-1.40799087812,-6.86045431484,16.083341238,-27.8233961972,0.0,890.310037978,9.51274533823,838.168589073,897.761538325,194,45.0
0.8400000000000004,-0.0251106437572,-0.517897908004,0.0,3.97733402049,2.45915054296,0.0,-1.4651802436,-1.75041459257,-4.97310322469,26.8290192081,-16.2747620104,0.0,892.628177466,695.740363564,322.800829454,898.238897077,195,42.0
0.9600000000000005,3.54536193939,1.08569292725,0.0,3.77376777235,4.8325572547,0.0,9.2259230692,3.42517693653,-4.90607886252,21.6520529221,-22.8849432586,0.0,893.477220303,405.40438914,608.674857834,899.059677836,196,48.0
0.7200000000000003,1.66822359191,-0.0517337302712,0.0,3.24846063408,6.01785868429,0.0,4.8272551939,-0.163230051417,-6.11847571033,26.5603896048,-14.2471284016,0.0,890.109186217,722.871820314,411.435069185,890.737814509,197,36.0
0.7800000000000004,3.45545721865,1.13573715703,0.0,1.76529685311,3.15513671189,0.0,4.65196188885,2.55082252616,-6.89262323688,26.5585703342,-15.5108816702,0.0,900.103582921,882.859623578,141.729306952,900.19825502,198,39.0
0.7200000000000003,0.991578799255,0.773130919467,0.0,4.33930446992,0.0133978174555,0.0,1.80412662322,3.16027070225,-9.39751992608,26.5656254297,-16.1964459634,0.0,895.80689493,733.436039418,349.131721446,897.728897161,199,36.0
0.7800000000000004,0.184656096214,0.158567001777,0.0,1.85388547007,2.47350564183,0.0,-3.27530528911,-0.769275154357,-10.1829128161,28.1386084131,-12.7463172367,0.0,899.792951677,878.065961102,114.879817184,898.676374872,200,39.0
